Input daily temperature file. These data are daily mean temperatures (*C) observed at your most local weather station to your glacier. Row 1 is the hydrologic year. Column 1 is the Hydrologic day. Note each column has 366 entries due to leap years.
For non leap years enter'nan' for February 29th. For dates missing observations also enter 'nan'. These data gaps will be filled using 'City_wx'. Data must preceed mass balance data by two years.
Final input file must start with row 1 as seen in the example below from Wolverine Glacier.

Date	1964-65	1965-66	1966-67	1967-68	1968-69	1969-70	1970-71	1971-72	1972-73	1973-74	1974-75	1975-76	1976-77	1977-78	1978-79	1979-80	1980-81	1981-82	1982-83	1983-84	1984-85	1985-86	1986-87	1987-88	1988-89	1989-90	1990-91	1991-92	1992-93	1993-94	1994-95	1995-96	1996-97	1997-98	1998-99	1999-00	2000-01	2001-02	2002-03	2003-04	2004-05	2005-06	2006-07	2007-08	2008-09	2009-10	2010-11	2011-12	2012-13	2013-14	2014-15	2015-16
1-Oct	nan	nan	nan	4	-1.4	3.2	1.8	nan	-5	1.2	-6.6	2.5	2.2	1.9	2.1	4.9	3.9	1.2	1.3	1.4	3.9	1.2	3.7	1.4	1.7	2.6	0.7	1.4	1.2	2.2	-0.1	2.7	-1.9	2.4	2.8	0.6	-2.8	3.5	-0.1	6	3.6	1.9	0.6	0.4	0.1	1.8	3.4	0.2	-0.4	0.8	1.5	0
2-Oct	nan	nan	nan	5.2	0	2.8	0.5	nan	-7.6	-0.4	-7.2	2.2	0.6	1.7	1.2	2.8	2.7	0.8	0.3	2.6	2.6	2.6	3.2	0.8	3.3	1.7	0.1	1.5	1.6	0.5	1.4	4.6	-0.5	2.1	2.2	0.6	-3.3	0.3	1.8	5.7	4.5	1	2.3	1.7	0.2	1.1	2.1	0	1.3	1.9	0.3	nan
3-Oct	nan	nan	nan	6	0	1.6	-2.7	nan	-8.4	-0.4	-6.4	6	-0.6	2.1	0.3	2.4	1.6	0.7	-1	1.3	2.1	-0.5	3.4	0.6	3.7	1.4	0.4	1.9	1.9	2.5	5.2	1.7	0	1.2	0.5	0.1	-1.7	-0.1	NaN	5	3.4	0.7	1.7	1.3	-1.1	0.9	-0.4	-0.8	3.5	nan	-1.3	nan
4-Oct	nan	nan	nan	3	0	2.2	-1.8	nan	-4.7	-1.4	-3.5	4.6	0.7	2.1	0.8	2.6	2.1	-1.7	-2.1	0.4	1.9	1	0.5	1.6	3.3	nan	0.7	1.1	1.1	6.6	5.1	2.1	1.1	0	0.7	0.1	-1.5	1.2	NaN	2.8	2.8	0.4	0.7	-0.7	-2	2.6	-1	0.6	5.2	3.3	-1.9	nan
5-Oct	nan	nan	nan	1.8	-0.8	2	-0.5	nan	-0.4	-0.8	0.6	3.4	1.7	2.6	3.1	3	3.4	1.4	-2.5	2.9	1.3	2.6	-0.3	1.7	2.3	nan	0.4	0.9	1.1	6.6	2.7	0.5	2	-1.4	2	0.6	1.9	3.3	NaN	3.9	3.4	1.3	0.5	-0.9	-3.1	1.1	0.5	-0.1	4.8	2	-3.5	nan
6-Oct	nan	nan	nan	2.5	-0.2	3.8	0	nan	-0.4	0	1.2	3	1.4	1.8	3	2.4	4	-1.1	-4.2	-1.5	3	-0.6	0.5	0.7	1.1	nan	2.4	0.8	2.9	4.7	1.9	1.5	3.6	-3.2	1	1.1	1.4	1.5	NaN	4.3	2.2	1.4	0	-1	-3.8	2.6	-0.4	-0.3	4.2	-0.1	-4.2	nan
7-Oct	nan	nan	nan	0.5	-0.3	3	-0.6	nan	-3.4	-1	-1	4	-0.6	1.6	1.6	2.7	4	-0.5	-2.2	-3.1	3	0.4	-0.3	0.8	-0.2	nan	2.7	0.9	0.2	5	0.9	1.5	1.4	-2.3	-1.9	1.1	1.2	0.9	NaN	3.6	1.8	1.3	1.6	-2	-3.4	2.2	-0.8	-0.5	4.9	0.8	-4.9	nan
8-Oct	nan	nan	nan	4	0.8	2	0.6	nan	-4.8	-1.8	-4	2.4	-2	0.6	2.1	3.1	-0.7	-2.5	-3.2	-3.2	2.2	0.7	0.6	1.4	0	0.1	2.7	0.7	-0.5	5.5	1	3	1.7	0.3	-1.6	1.1	-0.4	-2.2	NaN	1.9	1.6	0.8	1.6	-4	-4.8	4.7	-0.8	-0.8	7.6	0.7	-3.6	nan
9-Oct	nan	nan	nan	2.8	-0.6	1.2	-1	nan	-4.2	-1	-5.2	0.3	-2.6	0.9	0.8	5.1	-3.6	-0.8	-1	-1.8	1.5	1.2	1.1	1.9	-1.1	-2.4	2.7	-0.5	-1.9	3.3	-1.4	2.4	-0.7	2.1	2	0.6	-2.7	-1.7	NaN	0.3	1.1	-0.1	5.1	-4.8	-3.5	5.4	-0.1	-0.5	9.5	-0.1	1.0	nan
10-Oct	nan	nan	nan	3.8	-1.7	-0.6	-0.2	nan	-2.6	-1	-5.1	-1.4	-0.9	1.4	2.2	4.7	-2.6	-0.3	-4.7	2.4	2.4	0.8	5.7	0.2	0.6	-2	1.9	-2.5	-5.4	2.3	-0.4	-1	-3.4	-1.3	0.9	0.6	-2.3	-1	NaN	-1.1	0.2	-0.3	1.8	-4.4	1.3	5.2	-0.5	-0.6	4.2	-0.4	3.5	nan
11-Oct	nan	nan	nan	3	-3.8	2	-1.8	nan	-1.2	-2	-3.8	0.3	-0.5	1.4	0.8	3.3	-3.7	1	-2.5	2.1	1.2	-0.3	3.9	-0.3	2.4	-3.1	1.8	-1.5	-5.7	2.6	0	-3	-2.7	-3.7	-0.7	1.1	-0.6	-2.1	NaN	-0.9	0.5	0	0.1	-3.8	0.2	5.7	-1.6	-2.3	1.1	1.2	1.8	nan
12-Oct	nan	nan	nan	2.3	-3.2	3	0	nan	0.8	-5	-3	1.6	-3.2	1.4	0	1.4	-1.5	3.7	1	1	0.2	0.3	2.7	0.6	1.5	-3.6	-0.6	-1.2	-4.3	2.3	1.8	-3.7	-2.6	-3.2	-0.8	0.6	1.1	-1.2	NaN	-1.1	0.4	-0.9	0.9	-0.7	-1.2	5.5	-0.9	-2.6	-0.9	1.6	1.3	nan
13-Oct	nan	nan	nan	0.5	-3.3	2.8	0	nan	1	-4.3	-1	2	-2.7	0.8	-0.3	1	-1.3	4.4	-2.5	-0.5	0.4	0.5	2.3	1.3	-1.1	-2.7	-3.2	-2.1	-4	2.8	3.1	-3.5	-6.6	-4.4	-0.4	0.6	-0.6	-6.6	NaN	0	1.3	-2.4	2.5	0	-5.3	3.7	-2.4	-1.1	0.6	0.8	0.9	nan
14-Oct	nan	nan	nan	0	-4.5	4.2	-2.1	-2.6	2.8	-2.3	0.2	0.6	-0.5	0.4	-2.2	0.9	1.9	2.4	-2.9	-2	-0.2	-0.4	0.1	0	-4.9	-1.3	-5.4	0.6	-3	1.8	1.6	-1.8	-9.8	-2.1	-1.7	-2.4	-1.3	-6.1	NaN	0.5	1.7	-2.3	1.3	-1.7	-2	3.1	-3.2	0.3	0.9	0.4	1.9	nan
15-Oct	nan	nan	nan	-0.3	-4.8	10	-5.7	-1.9	2	-2.6	0.5	0.6	-0.1	-0.6	-1.8	2.4	1.5	1.5	-2.2	-1.1	-0.3	-1.1	0	-1.1	-5	0.8	-5.3	-3.3	-4	1.8	0.9	0	-9.7	0.7	-2	-2	-1.5	-3.1	NaN	1.7	0.7	-1.9	2.8	-3.5	-0.7	1.6	-2.4	-0.2	-2.8	1.6	1.3	nan
16-Oct	nan	nan	nan	0.2	-5	7.4	-5.4	-0.3	2.8	-2.8	-0.6	1.1	0	-0.9	-0.3	1.6	0.2	1.4	-1.9	1.2	2	-1.9	0.1	-1.9	-2.6	0.4	-3.9	-5.3	-0.6	0.9	0.7	-0.8	-11.9	-4.5	-1.7	-2	-1.4	-3.1	NaN	4.4	-0.7	-2.6	1.4	0.5	-1.1	0.8	-1.8	-1.4	-5.6	2.5	0.5	nan
17-Oct	nan	nan	nan	-0.5	-5.6	3.4	-7.6	1	0.8	-2.8	-0.5	0.2	nan	-4.1	0.6	1.3	0.4	0.5	-1	0.8	2.5	-2.3	-0.9	0	-3	-0.2	-4.6	-2.7	-1.2	-2.1	-4.5	-1.2	-9.5	-7.8	-2.3	0.6	-2.1	-4.8	NaN	1.5	-0.6	-1.7	1.4	0.1	-1.8	1.2	-0.3	-2.9	-5.5	2	1.7	nan
18-Oct	nan	nan	nan	-3	-3.6	2	-8.6	-2.4	-2	-3.1	-1.5	-0.2	nan	-5.5	0.2	2.6	2.3	-0.6	0.1	0.6	2	-5	-0.5	1.2	-0.1	0.4	-2.5	-1	-2.9	-1.8	-5	0.6	-7.6	-6	-1.4	0.1	-2.4	-3.1	NaN	0.9	-1.1	-1.9	0.6	0.8	-1.9	0.2	0.4	-4.1	-7.4	0.9	0.1	nan
19-Oct	nan	nan	nan	-2	-6.4	1.2	-8.2	-4.8	-3.8	-3.9	-3.9	-0.3	nan	-6.5	-0.3	0.7	1.5	-0.7	-1.8	0.7	-0.5	-7.7	0	0.7	0.3	-1.1	0.9	0	-5.5	-1.3	-2.6	1.2	-6.8	0.8	0.3	1.1	-2.5	-4.3	NaN	0.4	-1.6	-1	0.5	-1.4	-1.1	0.3	-0.5	-3.8	-5.6	-0.1	-1.6	nan
20-Oct	nan	nan	nan	-2.5	-5.8	2.4	-9.1	-3.1	-3	-4	-5.2	-2.7	nan	-1.9	-0.9	-0.2	1	0.5	-7.2	-0.1	-1.6	-6.8	0.7	-0.9	-0.9	-3.6	0.6	0.6	-1.2	-0.1	-4.7	-0.8	-4.7	0.2	-1.5	-0.4	-4.3	-6.4	NaN	-0.9	-2.3	-0.2	-0.3	-3.4	-0.8	0.9	-0.7	-1.4	-5.7	-0.9	-2.0	nan
21-Oct	nan	nan	nan	-2.2	-4.7	0	-8.4	-0.8	-2.4	-5.2	-0.3	-1.9	nan	-0.7	-3.3	-0.8	1.2	2.7	-10.6	-0.3	1	-5.5	0.6	0.1	-1.3	-5.9	-1.4	-1.8	-0.9	0.5	-8.4	0.3	-5.9	0	-2.6	-2.4	-4.2	-4.8	NaN	3.1	-2.7	-0.1	-1	-2.8	-2.4	1.4	-0.7	-0.7	-6.1	-1.2	-0.2	nan
22-Oct	nan	nan	nan	-2.5	-3	0.8	-9.7	-3.6	-1	-3.8	0.4	-1.4	nan	-1.6	-5	0.4	1.4	2.5	-8.2	-1.7	2	-7.6	2.9	0.8	-1.5	-6.8	-0.8	-1.2	1.4	-1.7	-6.9	0.4	-4.8	-1.2	-2.2	-2.4	-1.3	-8.8	NaN	1.7	-3.5	-0.6	-2	-2.7	-5.9	2.1	-0.3	-1.4	-7.1	-2.1	-2.3	nan
23-Oct	nan	nan	nan	-5.2	-1.6	0	-11.8	-7.8	-1	-4.2	-1.7	-0.9	nan	-2.6	-3.8	0.8	1.3	2.8	-1.6	-3.7	-3	-9.8	0.6	-0.6	-5	-3.9	0.5	-1.6	-0.8	-1.9	-1.9	-0.9	-1.8	-2.4	1.8	-3	-4.6	-9	NaN	0.2	-3.1	-2.5	-2.6	-3.6	-5.4	0.4	-0.9	-1.4	-2.2	-2.9	-2.6	nan
24-Oct	nan	nan	nan	-6.2	-2.1	2.4	-11	-11.8	-1.4	-3.3	0.2	-1.6	nan	nan	-0.3	0.5	1.9	1.8	-5.5	-3.1	-3.2	-12.2	1.8	-1.1	-4.3	-3.9	-1	-0.4	0.1	-2.3	-0.6	0.3	-4.9	-4.7	2.4	-2.4	-4.2	-8.8	NaN	0.6	-1.9	-2.7	-4.1	-4.5	-12.2	-0.9	2	-0.6	-3.9	-1.2	-3.3	nan
25-Oct	nan	nan	nan	-5.5	-2.9	3.2	-8.6	-9.6	-0.8	-3.2	-0.5	-1.8	nan	nan	-1.1	-0.7	-0.3	-0.4	-9.1	-6.6	-2.1	-14.3	2	-2	-5.7	-5.5	0	-1.5	1.4	-0.5	-1.3	-1.4	-9.9	-7.7	-3.1	-3	-2.7	-9.6	NaN	1.4	-1.6	-6.6	-3.5	-1.9	-9.6	-1.3	-0.3	-1.8	-3.2	-0.8	-5.0	nan
26-Oct	nan	nan	nan	-0.5	-3	3.2	-3.5	-4.8	-2.8	-1.8	-1.5	-2.9	nan	nan	-1.6	2.1	-0.5	-3.3	-13	-6	-1.3	-10.6	2.2	-2	-4.9	-8.1	0.6	-2.6	0.1	-0.6	-3.9	-3.8	-8.1	-9.6	-3.5	-5.5	-4.8	-10.7	NaN	0.3	-0.5	-4.5	-5.6	-1.3	-5.4	-1.8	-2.9	-4.9	-3.2	1.4	-3.7	nan
27-Oct	nan	nan	nan	0	-3.3	2	-1.8	-3.1	-2.2	-1.6	-1.8	-3.8	nan	nan	-2.3	2	0.7	-1.2	-12.4	-3.2	-0.6	-7.9	2.2	-4.8	-1.7	-4.7	-1.5	-2.5	-1.8	-1.7	-4.5	-1.9	-6.1	-9.2	-4	-4	-3.5	-9.5	NaN	-0.2	-1.2	-3.6	-6	-1.8	-9.8	-3	-2.3	-1.9	0	0.4	-3.9	nan
28-Oct	nan	nan	nan	-3	-5.6	0	-0.6	-3.7	-2.8	-3.3	-1.8	-7.4	nan	nan	-3	0.4	-0.4	-1	-3.7	-2.3	-2.1	-6.6	-1	-6.8	-1	-1.4	-0.6	-2.5	-1.1	-0.5	-4.6	-1.5	-0.8	-3	-2	-6	-4.9	-7.6	NaN	-0.2	-2	-5.9	-4.3	-2.1	-7	-3.2	-2.7	-1.3	0	2.8	-3.2	nan
29-Oct	nan	nan	nan	-2.2	-5.1	2	-1.4	-6.2	-1.8	-2.4	-2.9	-15	nan	nan	-1.7	0.2	-0.5	-3.1	-6.5	-1.7	-6.1	-8.4	-2.7	-6.7	-1.7	-2.3	-1.4	-1.9	0.1	-0.7	-2.4	-0.5	-2.8	0.1	-2.8	-6	-5.4	-7.6	NaN	-1	-4.1	-7.1	-4.3	-2.2	-5.4	-4.7	-5.3	-2	-5.1	0.1	-2.6	nan
30-Oct	nan	nan	nan	-2	-5.3	1.2	0.2	-4.8	-1.2	-3.1	-1.5	-17	nan	nan	-3.3	0.9	-2.9	-5.4	-9.1	-5.1	-5.1	-10.9	1.3	-8.8	-1.8	-2.9	-2.2	-1.4	-2.9	-2.1	-4	-0.4	-1	-1.6	-1.5	-6	-2.1	-8.8	NaN	-0.3	-5.8	-2.9	-3	-1.5	-4	-5.3	-5.7	-6.4	-9.2	0	-5.7	nan
31-Oct	nan	nan	nan	-3	-4.2	1.6	1.4	-5.3	-1.8	-4.1	-1.4	-19	nan	nan	-3.1	-1.1	-4.3	-6.3	-6.6	-4.7	-3.1	-14.4	0	-4.9	-1.7	-0.7	-3.2	0.5	-8.4	-1.8	-5.8	-1.1	-1.3	-2.8	-2.6	-6	-3.9	-7.3	NaN	1.8	-5.7	-3.8	-5.1	-2.4	-6.3	-7.4	-3.5	-5.2	-8	nan	-3.2	nan
1-Nov	nan	nan	nan	-1.8	-2.5	0.6	-1.4	-7.6	-2.8	-1.4	-1.3	-14.3	nan	nan	-3	-0.4	0.6	-5	-2.9	-1.6	-3.4	-17.2	1.2	-3.3	-1.5	1.5	-2.2	0	-7.4	-3.1	-4.1	-2.5	-0.8	-2.1	-2.1	-8.8	-4.6	-4.6	NaN	3.1	-9.6	-6.3	-3.2	-2	-6.9	-4.6	-1.5	-4.8	-4.2	nan	-1.3	nan
2-Nov	nan	nan	nan	-0.8	-2.3	0.6	0.2	-9.4	-3.6	-2.8	-1.7	-12.6	nan	nan	-4	-0.2	-0.4	-8.2	-3.8	0	-0.9	-16.5	2.9	-3.5	-3.6	0.9	-0.1	-0.1	-1.5	-4.3	-0.6	-4.7	-1	-2.3	-1	-10.5	-3.7	-5.8	NaN	0.6	-10.9	-8	-5.2	-2.9	-7.8	-3.8	-2.6	-7.2	-2	nan	-2.4	nan
3-Nov	nan	nan	nan	-1	-2.9	-0.8	1.6	-6.2	0	-5.5	-1	-16.9	nan	nan	-5	0.5	1.6	-8.5	-6	0	1.4	-11.1	0.1	-3.2	-6.9	0.3	1.8	1.4	-0.1	-2	-1.9	-6	-3.7	-1.6	0	-11	-4.1	-5.3	NaN	-0.6	-4	-8.2	-7	-5.1	-6.3	-3.8	-2.1	-5.1	-1.4	nan	-2.2	nan
4-Nov	nan	nan	nan	-1.2	-3	-2.2	2.6	-6	-4.2	-1.2	-2.1	-14.2	nan	nan	-3.2	1.8	2.7	-8.5	-4.5	0.2	-3.8	-7.9	-0.8	-1.6	-8.3	-1.7	2.4	1	-1.1	-0.6	-3.9	-8.3	-2.8	-2.1	-0.3	-6.8	-3.2	-6	NaN	-1.3	-10.3	-12.4	-8.2	-4	-4.1	-2.3	-2.4	-4	-2.2	0.1	-1.8	nan
5-Nov	nan	nan	nan	-4.5	-2.1	-4	1	-4.5	-5	-3	-1.2	-8.5	nan	nan	-2.4	1.1	0.9	-11.2	-6.4	-2.1	-1.5	-7.4	-1.4	-2.2	-4.6	-4.8	-0.7	1.5	-0.2	0.2	-5.3	-6.7	-4.5	-2.9	-0.6	-3.7	-2.5	-5.3	NaN	-0.6	-14.3	-11.6	-7.7	-3.7	-4	0.5	-3.8	-5.5	-3.9	-1	-2.2	nan
6-Nov	nan	nan	nan	-6	-1.5	-5	1.4	-4.5	-5	-5.7	-1.3	-6.2	nan	nan	-3.7	0.9	-0.4	-10.2	-7.9	-1.2	-2.2	-5.7	-2	-3.6	-3.4	-12.4	-7.7	0.7	-0.3	0.8	-4.7	-4.3	-4.9	-3.2	-0.5	-3.3	-3.1	-5.4	NaN	0.3	-11.6	-11.2	-8.9	-4.2	-4.2	0.3	-1.4	-4.9	-4.7	-3.9	-2.0	nan
7-Nov	nan	nan	nan	-5.5	-1.4	nan	1	-2.4	-5	-6.9	-1.9	-8.4	nan	nan	-5.6	1.7	-1.6	-2.3	-6.3	-2	-5	-7.6	-2.9	-4.6	-2	-14.2	-15.1	1.1	-2.3	-0.2	-7.3	nan	-7.9	-0.8	-0.2	-3.8	-1.9	-6.5	NaN	-0.3	-5.2	-15.6	-11.7	-3	-6.3	-2	-2	-11.3	-5	-3.5	-0.7	nan
8-Nov	nan	nan	nan	-2.2	-1.6	nan	1	-7.2	-1.4	-8	-1.9	-8.5	nan	nan	-4.8	1.8	-4.8	-0.9	-4.8	-0.8	-7	-6.4	-2.4	-5.6	-1.1	-18.3	-19.1	1.3	-1.5	-0.3	-8.1	nan	-9.8	-0.1	-3.7	-4	-1.7	-7.9	NaN	-1.1	-8.3	-7.8	-11.4	-2.7	-6.9	-3.6	-2.9	-9.7	-4.1	-4.9	-1.6	nan
9-Nov	nan	nan	nan	-2.7	-3.1	nan	0	-9.6	-2.4	-7.3	-3.8	-10.6	nan	nan	-3.8	2.1	-3.4	0.1	-5.1	-0.3	-4.7	-7.4	-2.8	-0.5	-0.5	-20.3	-20.7	-1.3	-3.3	-0.9	-4.9	nan	-4.7	0.7	-3.6	-4.5	-1.2	-7	NaN	-3.8	-5.2	-2.2	-8.9	-2.4	-4.5	-6.4	-7	-5.5	-2.1	-2.7	-0.8	nan
10-Nov	nan	nan	nan	-2.3	-5.3	nan	0.2	-5	-5	-7.3	-8.9	-10	nan	nan	-2.8	1.3	-1.7	1	-4.4	-1.6	-4.7	-4.3	-1.3	1.5	-0.6	-17.2	-17.3	-0.8	-7	-1.1	-2.5	nan	-0.8	-0.9	-3.3	-7.3	-0.4	-5.8	NaN	-4.9	-1.2	-1.6	-2.1	-3.7	-3.7	-7.3	-4.7	-6.5	-0.8	-3.7	0.6	nan
11-Nov	nan	nan	nan	-2.2	-7.1	nan	0.8	-4.8	-6.8	-13.1	-6.2	-10.4	nan	nan	-1.6	1.9	-0.9	0.5	-2.8	0.2	-8.5	-4.1	0.8	1	-1.3	-15.3	-9.3	-0.7	-7.3	-2.8	-5	nan	1.6	-1.8	-3.8	-7.6	-3.1	-3.7	NaN	-4.6	-1	-4.1	-3.8	-4.4	-3.5	-6.5	-2.3	-6.4	0.4	-5.8	0.4	nan
12-Nov	nan	nan	nan	-1	-6	nan	0.8	-6.9	-7	-12.6	-3.7	-8.3	nan	nan	-2.2	0.9	-0.4	-0.9	-2	-2.6	-12.3	-8	0.3	-1.7	-4.9	-13.6	-5.3	-1.1	-8.6	-2.1	-8	nan	2.5	-1	-4.6	-5	-4.3	-3.6	NaN	-5.4	-1	-4.1	-7.5	-7.7	-6.5	-10.4	-1.2	-6.4	-1.5	-7.7	0.8	nan
13-Nov	nan	nan	nan	-1.2	-8.3	nan	-1.4	-6.4	-4.8	-13.2	-4.7	-7.7	nan	nan	-2.8	-1	-1.9	-1	-2.7	-2.5	-9.9	-10.9	-0.7	-6.3	-7.4	-12.6	-6.7	-6	-6.3	-2.3	-9.1	nan	1.3	-0.9	-4.3	-2.6	-3.4	-3.4	NaN	-9.1	0	-5.9	-15.5	-4.8	-6.1	-10.8	-3.3	-10.8	-2.9	-1.9	1.2	nan
14-Nov	nan	nan	nan	-2.5	-7.5	nan	0	-4.1	-4	-11	-4.2	-8.8	nan	nan	-3.8	-1.5	-0.6	-1.1	-3.6	-2.2	-6.1	-10.7	-1.2	-10.1	-3.7	-9.8	-5	-5.9	-0.4	-4.2	-8.9	nan	-0.5	-1.6	-5.9	-2.6	-3.8	-6.3	NaN	-12.9	-0.1	-5.1	-16.8	-5.5	-5.1	-14.4	-4.8	-11.9	-3.2	-1.9	-1.7	nan
15-Nov	nan	nan	nan	-2.6	-5.9	nan	-2.3	-2.9	-4.6	-10	-8.3	-13.1	nan	nan	-7.5	-0.9	-0.4	-3.4	-5.3	-3	-1.7	-12.1	-0.7	-6.7	-2.1	-4.7	-2.3	-3.3	-1.7	-7.9	-5.4	nan	-0.3	-0.4	-5.9	-3.1	-4.7	-6.9	NaN	-14.9	-1.9	-3.3	-17.6	-4.5	-6.8	-15.9	-9	-15.5	-2.2	-5.7	-0.6	nan
16-Nov	nan	nan	nan	-2.4	-3.8	nan	-5.9	-2.2	-3.2	-11.1	-9.7	-11.6	nan	nan	-8.7	-5.4	-1.3	-3.3	-5.9	-4.8	-1.8	-5.2	-2	-2.1	-4.4	-3.6	-3.6	-5.8	0.4	-3.5	-4.1	nan	3.5	-0.1	-6.4	-5	-3.2	-7.5	NaN	-16.1	-1.4	-2.2	-12.5	-7.4	-4.9	-19.4	-11.5	-16.7	-9	-11.1	-0.6	nan
17-Nov	nan	nan	nan	-2.1	-2.7	nan	-6.5	-2.4	-4.2	-10.2	-9.1	-6.3	nan	nan	-6.4	-7.4	-1.5	-4.6	-10.1	-5.3	-2.7	-3.5	-3	-2.5	-5.3	-4.5	-2.6	-5.3	-0.8	-3.6	-3.9	nan	-2.1	-0.5	-5.8	-5.2	-3.4	-5.4	NaN	-17.6	-2.7	-1	-6.9	-2.1	-7.1	-13.9	-4.4	-15.4	-6.5	-13.7	1.6	nan
18-Nov	nan	nan	nan	-2	-2.6	nan	-6.1	-0.8	-4	-7.8	-11.9	-1.9	nan	nan	-4	-6.7	-0.5	-3.7	-10.5	-6.2	-2.5	-1.1	-8.8	-2.3	-4	-7.7	-2.4	-2.7	-1.9	-4.7	-9.3	nan	-6.3	-2.8	-4.4	-3.1	-2.8	-1.8	NaN	-15.7	-3.7	-1.4	-9.5	-6.7	-7.1	-7.4	-1	-14.1	-4.2	-15.1	-0.4	nan
19-Nov	nan	nan	nan	-0.2	-3	nan	-7.8	-2.2	-2.3	-7.5	-12.8	-1.5	nan	nan	-3.2	-2.5	-1.3	-6.5	-7.7	-6.7	-1.7	-1.5	-8.5	-1.4	-5.1	-9.2	-3.4	-3.3	-1.1	-11.3	-8.8	nan	-7.3	-5	-3.8	-2.8	-1.6	-0.1	NaN	-5.8	-2.9	-5.3	-11.1	-5.6	-4.6	-9.7	1.3	-10.4	-3.5	-16.5	-2.0	nan
20-Nov	nan	nan	nan	0.2	-3	-1	-6.5	-2.4	-1.8	-9.1	-12	-1.6	nan	nan	-2.3	-3.9	-2.5	-4.5	-6.7	-4	-1.5	0.2	-7.6	-1	-3.5	-13.4	-6.3	-1.5	-2.9	-11.3	-7.2	nan	-6	-5.4	-5.9	-3.5	-1	-1.6	NaN	-3.5	-3.3	-8.1	-13.4	-1.8	-4.8	-8.5	0.7	-8.7	-4	-13.5	-0.9	nan
21-Nov	nan	nan	nan	-1	-3.5	-1.6	-9.5	-2.9	-3.6	-9.1	-5.1	-1.9	nan	nan	-2.4	-1.6	-2.4	-3.7	-4.5	-2.7	-2.2	-3.8	-7.2	-1.7	-3.6	-7.3	-7.2	-7.6	-3	nan	-9.2	nan	-6.8	-3.4	-7	-4.2	-2.1	-1.6	NaN	-3.2	-4.1	-8.1	-11.1	-1.5	-6.6	-7.4	4.7	-16.7	-4.4	-2.8	-1.5	nan
22-Nov	nan	nan	nan	-2.2	-6.4	-1.8	-10.5	-6.1	-4.1	-7.7	-5.1	-2.7	nan	nan	-2.7	-2.3	-0.6	-3	-2.5	-1.9	-5	-3.3	-8.3	-4.4	-8.8	-2.7	-12.7	-9.6	-2.4	nan	-15.3	nan	-7.8	-6.3	-10.4	-5	-2.9	-1.3	NaN	-6.6	-2.5	-8.7	-10.9	-0.8	-6.8	-4.7	-1.5	-11.7	-2	-5.1	-2.0	nan
23-Nov	nan	nan	nan	-8	-5	-3	-9.1	-6.9	-6.6	-7.1	-4	-1.6	nan	nan	-4.8	-4.4	-0.4	-7.2	-1.2	-2.7	-7.1	7.3	-10.5	-6.4	-10.7	-3.2	-12.2	-7.6	0.9	nan	-16.5	nan	-8	-9.4	-8.6	-4.7	-3	-1.2	NaN	-9.6	-2	-9.6	-11.9	-1.6	-5.6	-3.2	-1.4	-10.3	-1.8	-7	-2.1	nan
24-Nov	nan	nan	nan	-14	-3.2	-3.4	-5.9	-3.7	-5.3	-6.6	-6.8	-1.8	nan	nan	-5.7	-5.9	-0.9	-3.5	-0.5	-6.1	-9.8	3.4	-10.2	-7.4	-8.8	-3.4	-9.9	-0.3	0.1	nan	-16.4	nan	-7.8	-12.2	-10.2	-6.4	-3.3	-2.7	NaN	-6.1	-3.3	-12.7	-10.6	-3.5	-4.3	-4	-1.6	-10.8	-3.5	-3	-3.1	nan
25-Nov	nan	nan	nan	-8.5	-3.3	-2.8	-4.6	-7.3	-4.3	-7	-5.2	-2	nan	nan	-2.5	-4.9	-1.1	-3.5	-0.7	-3.8	-11	-4.7	-10.3	-1.7	-5.8	-3.8	-6.6	-2.5	-1.8	nan	-12.5	nan	-6.1	-11.2	-13	-7.6	-3.3	-2.7	NaN	-12.1	-4	-13.4	-12.2	-2.6	-4.4	-3.4	-3.6	-11.2	-4.1	-1	-3.3	nan
26-Nov	nan	nan	nan	-4.8	-6.6	-2.2	-3.5	-13	-8.2	-11.6	-4	-2.8	nan	nan	-1.6	-5.8	-1.4	-1.8	-0.9	-2.5	-9.5	-7	-13.2	-2.3	-5.9	-3.6	-8.3	-4.4	-3.3	nan	-6.4	nan	-2.3	-5	-17.7	-7.6	-5.7	-7	NaN	-17.5	-4.2	-9.1	-11	-2.4	-7.5	-4.3	-7	-8.2	-3	-2	-5.9	nan
27-Nov	nan	nan	nan	-3.9	-7.8	-2.8	-2.7	-10.7	-5.3	-14	-3	-3.4	nan	nan	-0.6	-2.8	-2.9	-2.1	-1.7	-1.8	-6.2	-8.8	-12.1	-3.5	-8.4	-3.6	-10.6	-4.3	-2.8	nan	-9.1	nan	-0.6	-3.9	-12.4	-7.1	-6.1	-6.3	NaN	-14.8	-1.4	-7	-8	-3.9	-3.1	-3.7	-5.3	-7.5	-0.5	-5.7	-4.8	nan
28-Nov	nan	nan	nan	-6	-11	-1.6	-7.8	-15.1	-5.3	-13.2	-1.6	-6.2	nan	nan	-1.6	-0.1	-4.9	-4	-3.3	-0.5	-5.5	-6.6	-3.1	-5.2	-8.3	-4.5	-16	-2.9	-3.2	nan	-11.2	nan	-3.9	-3.9	-5.6	-8.5	-2.9	-5.3	NaN	-10.3	-2.9	-7.3	-7.8	-2.4	-1.4	-4.9	-9.6	-8.6	-2.9	-14.4	-4.4	nan
29-Nov	nan	nan	nan	-11	-12.8	-3.8	-14.4	-18.6	-6.9	-15.3	-2	-10.6	nan	nan	-1.3	0.1	-3.9	-5.9	-3.5	-0.2	-4.1	-7.4	-4	-5.3	-5.7	-3.5	-20.1	-2.5	-6.4	nan	-13.2	nan	-8.4	-3.1	-4.9	-9.3	-3.7	-7.5	NaN	-11.2	-3.5	-8.4	-8.1	-2.1	-3	-6.7	-11.2	-5.6	-7.1	-15.4	-5.0	nan
30-Nov	nan	nan	nan	-15	-14.8	-5	-12.2	-13	-8.2	-9.3	-4	-13.9	nan	nan	-4	-1.2	-2.1	-2.5	-7.3	-1.2	-3.1	-5.4	-9.3	-5.6	-7.9	-3.5	-20.1	-1.8	-5.8	nan	-11.9	nan	-9.9	-4.7	-3.8	-7.6	-7.4	-10.6	NaN	-10.7	-2.6	-10.3	-5.6	-1.1	-8.6	-5.9	-8.8	-3	-7.8	-10.8	-6.6	nan
1-Dec	nan	nan	nan	-12	-11.5	-3.8	-13.1	-9.2	-8	-8.2	-5.2	-17	nan	nan	-2.8	-2.1	-4.4	-4.3	-14.8	-2	-1.4	-5	-6.2	-10.2	-13.2	-2.8	-13.8	-1.5	-2.9	nan	-8.4	nan	-10.2	-7.4	-2.8	-5	-10.5	-14.3	NaN	-14.5	-2.2	-12.9	-4.6	-1.4	-9.5	-2.5	-10.5	-4.6	-7.2	-1.1	-4.4	nan
2-Dec	nan	nan	nan	-13	-13.4	-1.6	-15.5	-7.3	-5.5	-10.7	-6.3	-17	nan	nan	-3.1	-2.9	1.9	-8.9	-9.9	-2.6	-2.1	-7.2	-5.6	-5.7	-7.8	-1.4	-8.5	-2.5	-1.9	nan	-7	nan	-8.8	-8.3	-2.1	-5.3	-10.3	-13.9	NaN	-17.7	-4.2	-14.2	-2.6	-6.1	-5.9	-5	-7.9	-3.5	-11.3	2.1	-4.3	nan
3-Dec	nan	nan	nan	-18	-15.2	-1.8	-15.5	-13.7	-6.7	-11.2	-11.7	-15.6	nan	nan	-7.2	-4.2	-2.6	-8.5	-8.5	-5.3	-0.8	-8.2	-6.1	-7.8	-2.4	-1.8	-5.8	-2.5	-6	nan	-3.6	nan	-5.2	-9.6	-8.1	-5.7	-4.9	-13.3	NaN	-7.7	-8.2	-14.2	-1.1	-12.8	-4.1	-7.2	-5.6	-1.5	-14.5	-3.1	-3.8	nan
4-Dec	nan	nan	nan	-15.5	-12.8	-2.6	-14.8	-11.1	0.7	-6.1	-5.8	-19.1	nan	nan	-6.7	-4.9	-5.1	-9.3	-7.4	-4.8	-0.9	-6.2	-3.9	-9.1	-10.4	-1.2	-6.4	-1.6	-8.6	nan	-1.8	nan	-2.8	-5.6	-6.9	-4.4	-4.1	-16.8	NaN	-2.2	-10.8	-9.8	-1.7	-7.5	-2.7	-8.2	-6.3	-4	-9.2	-0.9	-2.6	nan
5-Dec	nan	nan	nan	-8.6	-16.5	-2.4	-7.6	-8.5	-4.8	-5.1	-3.6	-22.1	nan	nan	-3.2	-8.3	-4	-11.6	-3.9	-2.2	-0.8	-6.8	-4	-6.5	-11.7	-1.4	-2.4	-1.8	-4.5	nan	-10.2	nan	-9.3	-3.2	-9.6	-5	-1.8	-16.3	NaN	-4	-10.5	-5.8	-1.9	-3.9	-0.6	-4.2	-4.4	-9.3	-6.9	-0.5	-2.5	nan
6-Dec	nan	nan	nan	-6.8	-11.5	-1.2	-10.1	-3.4	-0.8	-6.9	-2.2	-18.7	nan	nan	-1.9	-10.5	-4.7	-7.5	-2.9	-3.2	-1.7	-7	-6.5	-4.5	-9.4	-2.2	-3.2	-0.6	-5.8	nan	-13.3	nan	-15.8	-4.4	-8.1	-6.5	-4.5	-15.7	NaN	-6.7	-7.5	-2.4	-2	-3.4	-1	-0.1	-2.4	-8.2	-6	2.8	-0.8	nan
7-Dec	nan	nan	nan	-5.5	-10.2	-1	-7.8	-2.2	-1.3	-7.1	-1.7	-19.2	nan	nan	-0.8	-10.2	-3.5	-5.2	-2.2	-4	-3.7	-5	-5.4	-1.9	-4.8	-2.4	-3.4	-1.8	-5.6	nan	-8.5	nan	-8.9	-6.3	-6.8	-9.8	-3.7	-15.5	NaN	-5.4	-4.3	-1.7	-1.9	-3.5	-2.7	5.5	-1.3	-5.4	-7	3	-0.2	nan
8-Dec	nan	nan	nan	-7	-10.7	-1.4	-8.4	-3.8	-1.6	-5	-2.7	-17.1	nan	nan	-1.4	-11.8	-4.3	-5.6	-2.4	-3.5	-6.7	-1.6	-2	-2.6	-1.7	-3.1	-6.4	-6.2	-8.9	nan	-6.8	nan	-7.5	-8.2	-6.4	-10.7	-1.8	-15.7	NaN	-3.9	-5.8	-1.4	-2.4	-2.5	-3.5	5.3	-1.5	-3.9	-4.9	0.3	-0.3	nan
9-Dec	nan	nan	nan	-7.2	-16	-2	-7.3	-8.4	-3.6	-3.4	-3.8	-17.6	nan	nan	-2.9	-11	-4.6	-6	-5.3	-6.3	-8.9	-2.4	1.8	-3.5	-1.2	-3.6	-8	-5.8	-10.3	nan	-5.7	nan	-4.7	-5.4	-7.5	-12	-5.7	-8.4	NaN	-2.9	-6.4	-1.8	-3.9	-3.4	-3.5	1.8	-5.2	-5.9	-3.6	-3.2	-1.3	nan
10-Dec	nan	nan	nan	-11.5	-11.2	-3.4	-5.8	-11.1	-1.7	-4.3	-2.8	-15.5	nan	nan	-6.5	-12.2	-8.2	-8.4	-2.8	-5.2	-8	0	0.1	-7	-1.2	-3.2	-5.5	-9.9	-7.8	nan	-4.9	nan	-4.4	-2.7	-11.5	-8.9	-4.1	-6.7	NaN	-3.4	-5.7	-1.4	-4.2	-2.6	-4.9	0.8	-5.9	-5	-4.4	-5	-2.6	nan
11-Dec	nan	nan	nan	-8.4	-7.6	-3.4	-5.6	-13	-3.5	-3.3	-4.1	-16.2	nan	nan	-5.9	-15.7	-14.9	-5.1	-1.6	-1.6	-1.6	-1.6	-1.6	-1.6	-2	-1.2	-4.1	-10.4	-8.4	nan	-3.2	nan	-4.3	-2.1	-8.1	-9.2	-3.4	-5.5	NaN	-3.1	-5.2	-2.1	-4.9	-3.9	-10.2	-1.6	-4.9	-3.5	-4.5	-11.6	-5.0	nan
12-Dec	nan	nan	nan	-3.5	-9.4	-5	-2.7	-11.8	-8	-5	-4.5	-13.6	nan	nan	-4.5	-18.4	-16.2	-1.4	-2.2	-4.8	-9	-1.6	-2.8	-11.4	-7.5	-1.9	-3.8	-8.9	-5.2	nan	-1.9	nan	-4.3	-6.1	-6.9	-10.9	-2	-7.3	NaN	-2.8	-4.2	-6.3	-4.5	-5	-9.1	-1.8	-5.9	-6.8	-4.5	-13.2	-4.0	nan
13-Dec	nan	nan	nan	-3	-7	-3.4	-2.4	-8.4	-9.1	-7	-5.4	-9.5	nan	nan	-3.7	-13.2	-17.2	-2.1	-3	-7.1	-9	-0.8	-2.8	-13.5	-8.2	-1.6	-7.2	-8.2	-2.7	nan	-3.6	nan	-4.1	-7.7	-11.1	-11.1	-2.2	-16.1	NaN	-3.4	-3.3	-7.4	-7	-4.9	-6	-6.3	-8.8	-7.9	-6	-5.1	-2.0	nan
14-Dec	nan	nan	nan	-3.2	-6.5	-5.4	-3.1	-4.9	-16.3	-6.1	-7.4	-9.9	nan	nan	-9.8	-10.7	-17.7	-2.3	-2.4	-10.7	-9.9	-1.3	-2.8	-12.6	-2.7	-3.7	-10.8	-6.8	-9.2	nan	-4.9	nan	-7.6	-13.3	-8	-10.2	-4.9	-17.2	NaN	-5.2	-5.7	-3.4	-10	-6.3	-2.6	-5.3	-13.4	-4.8	-8.4	-10.6	-0.4	nan
15-Dec	nan	nan	nan	-5.8	-5.2	-4	-3.7	-4.8	-14.7	-5.5	-10.2	-6	nan	nan	-14.7	-9.1	-18.8	-2.1	-1.6	-8.4	-6.1	-2.8	-2.8	-11.1	-1.7	-1.3	-9.2	-4.7	-13.4	nan	-4.3	nan	-7.5	-12.5	-2.6	-9.8	-6	-14.1	NaN	-4.5	-3.3	-0.1	-11.2	-13.1	-5.4	-5.8	-11.2	-4.4	-12.9	-13.5	-0.7	nan
16-Dec	nan	nan	nan	-7.7	-13.7	-2	-3.5	-6.6	-11.8	-7.1	-13.1	-3	nan	nan	-13.4	-1.9	-19.7	-1.1	-2	-7.1	2.2	-2.1	-3.4	-6.3	-2.5	-0.6	-9.5	-4.8	-12.2	nan	-4.6	nan	-4.8	-12.5	-13	-12.9	-6.2	-12.9	NaN	-4	-0.8	0.8	-6.7	-14.3	-5.4	-9.4	-3	-4.6	-14.1	-11.9	-2.5	nan
17-Dec	nan	nan	nan	-9	-15.2	-0.2	-3.5	-7.6	-7.7	-5.6	-8.4	-4.6	nan	nan	-7.6	-7.4	-15.7	-0.8	-3.1	-3.8	-0.6	-3.3	-3	-9.1	-6.4	-2.6	-6.5	-6.8	-8	nan	-3.7	nan	-2.7	-12.4	-8.3	-13	-5.3	-12.8	NaN	-4.3	-0.9	-1.1	-4.6	-15.2	-6.9	-17.5	-6.3	-3.6	-12	-9.7	-3.2	nan
18-Dec	nan	nan	nan	-8.5	-11.3	-0.8	-4.8	-5.7	-7.7	-4.2	-5.1	-4.5	nan	nan	-6	-17	-10.8	-1.4	-4.6	-1.7	-2.4	-1.7	-2.8	-7.1	-4.7	-4.3	-4.7	-9.7	-6.2	nan	-2.5	nan	-0.8	-5.9	-7.6	-7.9	-4.1	-10.7	NaN	-6.7	-1.4	0	-7.7	-10.8	-6	-20.2	-6.6	-4.6	-7.9	-8.4	-2.3	nan
19-Dec	nan	nan	nan	-7	-5.4	-0.4	-2	-15.6	-6.8	-4.1	-6.5	-4	nan	nan	-7.5	-13.4	-9.7	-3.9	-4.3	-4.2	-1.7	-0.4	-2.6	-3.2	-5	-5.6	-3.9	-11.6	-9.6	nan	-2	nan	-2.3	-6	-5.1	-4.1	-2.5	-11.6	NaN	-7.9	-3.3	-0.9	-7	-14.9	-5.5	-11.6	-7	-6.1	-11.2	-5	-2.0	nan
20-Dec	nan	nan	nan	-7	-1.3	-0.8	-0.2	-18.4	-8.9	-7	-10.4	-5.5	nan	nan	-9	-9.3	-7.6	-5.6	-4	-3.4	-3	-0.3	-1.5	-5.1	-6.8	-3.8	-2.6	-11.3	-11.2	nan	-5	nan	-4.5	-15.2	-5.1	-4.8	-3.1	-8.1	NaN	-6.1	-8.1	-0.1	-6.2	-11.4	-5.4	-4.3	-12.1	-4.9	-11.4	-3.7	-2.3	nan
21-Dec	nan	nan	nan	-8.2	-3	-1.6	-5.2	-15.4	-9.2	-11.1	-10.6	-1.8	nan	nan	-9.4	-10.3	-3.6	-7.3	-4.5	-3.2	-2.9	-1.1	-3.8	-8.3	-7.1	-1.3	-2.8	-8.7	-11.3	nan	-3.5	nan	-5.7	-9.5	-5.5	-2.6	-4.8	-5.8	NaN	-4.6	-4.9	-0.4	-10.4	-6.7	-8.6	-3.4	-7.5	-8.2	-10.5	-2	-2.9	nan
22-Dec	nan	nan	nan	-9.5	2	-2.6	-4.4	-11.9	-9.5	-9.1	-5.2	-2	nan	nan	-8.2	-9.7	-3.4	-4.2	-6.6	-1.8	-2.3	-0.9	-4.4	-6.9	-9.5	-1.9	-2	-8.4	-8.2	nan	-5.4	nan	-7.4	-2.5	-7	-1.8	-4.2	-9.6	NaN	-7.7	-2.2	-1.1	-10.4	-5.1	-8	-3.5	-8.9	-9.8	-10.3	-5.8	-3.6	nan
23-Dec	nan	nan	nan	-6	3.1	-3.6	-2.7	-6.2	-6	-6.2	-4.1	-2.2	nan	nan	-7.6	-9.1	-3.7	-2.8	-5.6	6.9	-4	0.9	-5.4	-2.1	-9.5	-1.6	-1.2	-4.2	-6.6	nan	-9.1	nan	-8.4	-2.9	-8.1	-6.3	-3.5	-3	NaN	-11.6	-3.5	-1.5	-8.4	-5.9	-7.7	-2.4	-12.1	-11	-8.5	-12.3	-4.6	nan
24-Dec	nan	nan	nan	-6	0.2	-3	-6.5	0.1	-3.9	-5.2	-6.4	-2.8	nan	nan	-11.2	-7.4	-1.5	-6.2	-4.5	6.5	-5.4	-0.7	-6	-3.1	-8.5	-1.4	-1	-4.2	-5.1	nan	-10	nan	-4.9	-4.2	-8.6	-7.7	-1.7	-9	NaN	-14	-13.7	-1.7	-7.4	-7	-9.7	-2.1	-12	-10	-4.1	-7.7	-3.5	nan
25-Dec	nan	nan	nan	-3.5	1.5	-2.8	-6.5	-4.8	-3	-4.6	-9.9	-2.1	nan	nan	-10.2	-4.9	-6	-6.8	-5.1	4.5	-5.4	-2.2	-6.4	-5.7	-4.9	-2.9	-0.9	-3.3	-4.3	nan	-7.9	nan	0.4	-5.1	-8.9	-6.3	-1.6	-2.8	NaN	-14.8	-5.8	-2	-8.4	-6.8	-9.8	-1.5	-6.4	-13.9	-3.3	-3	-4.5	nan
26-Dec	nan	nan	nan	-2.5	-5.9	-3.8	-14.8	-3.4	-5	-3.1	-11.9	-2.7	nan	nan	-7.7	-4.8	-7.6	-8.3	-3.2	3.8	-5.7	1.8	-7.7	-7.4	-3.3	-10.8	-4.3	-4.7	-7.7	nan	-5.8	nan	3.5	-9.3	-11.7	-2.9	-3	-2.2	NaN	-14.7	-5.6	-2.1	-13.3	-7.7	-12.8	-1.1	-6	-11.5	-2.3	-6.3	-4.6	nan
27-Dec	nan	nan	nan	-2.2	-7.4	-2.6	-16.1	-3.7	-7	-3.4	-15.9	-3.9	nan	nan	-6	-5	-9.6	-9.1	-1.8	-1.5	-8.2	-1.3	-5.9	-6.7	-3.6	-6.2	-5.1	-8.4	-5.1	nan	-5.6	nan	-2.6	-7.3	-11.7	-2.9	-3.4	-3	NaN	-9.3	-6	-0.7	-9.1	-4.9	-14.9	-1.6	-5.9	-13.1	-2	-4.7	-2.6	nan
28-Dec	nan	nan	nan	-1.8	-8.5	-2.2	-16.5	-4.9	-3.9	-4.2	-12.7	-6.1	nan	nan	-4	-9.9	-5.3	-8.3	-1.1	-6.5	-8.2	-2.4	-3.3	-3.4	-4.7	-4.5	-5.4	-4.4	-7.3	nan	-3.5	nan	-3.9	-5.7	-6.7	-5.2	-3.4	-3.1	NaN	-6.3	-9.6	-1.9	-4.5	-4.9	-18.3	-1.8	-7.5	-15.6	-1.3	-2.5	-3.2	nan
29-Dec	nan	nan	nan	-1.4	-9.1	-2.8	-13.9	-7.6	-3.9	-6	-12.9	-6.6	nan	nan	-3.5	-16.3	-1.6	-10.2	-2.1	-7.4	-6.3	-2.2	-2.2	-4.6	-5.1	-12.7	-2.2	-9.7	-5.2	nan	-2.6	nan	0.1	-14.2	-5.8	-9.8	-2.1	-2.5	NaN	-3.9	-7.8	-1.8	-3.2	-7.4	-14.1	-2.7	-8.3	-15.9	-1.5	-2.3	-3.4	nan
30-Dec	nan	nan	nan	-2	-10.4	-3.2	-16.1	-4.5	-4.8	-8.1	-6.3	-4	nan	nan	-3.4	-16.9	-2.3	-10.3	-4.3	-8.3	-4	-2.6	-4.7	-4.7	-5.6	-13.2	-7.8	-6	-3.2	nan	-2.3	nan	-9.6	-15.2	-7.2	-13.3	-2	-2	NaN	-4.3	-4.1	-1.6	-8.2	-10.1	-12.8	-2.9	-3.5	-18.8	-2.1	-2.7	-2.0	nan
31-Dec	nan	nan	nan	-3	-17	-3	-14.2	-7.6	-8.3	0.1	-12	-4.6	nan	nan	-4.4	-14.7	0.4	-10.5	-1.6	-5.2	-1.2	-4.4	-2.7	-6.2	-4.6	-13.1	-9.3	-3.2	-4.9	nan	-2.6	nan	-12.3	-7.6	-7.4	-12	-2.9	-0.6	-14.5	-8.1	-5.3	-2.4	-10.9	-4.7	-12.2	-3.3	-2.9	-18	-2.6	-2.5	-2.8	nan
1-Jan	nan	nan	nan	-2.5	-22	-4.6	-11.2	-8.7	-6.2	0.6	-21.2	-4	nan	nan	-3.2	-10.9	0.1	-10.4	-1.1	-1.3	-0.7	-7.6	-1.6	-5.1	-6.2	-9.8	-6.8	-2.8	-6.1	nan	-1.5	nan	-9.8	-7.2	-5.9	-15.2	-4.6	-2.2	NaN	-8.7	-3.7	-2.9	-10.8	-4.2	-14.9	-5.5	-2.5	-14.3	-3.3	-3.3	-4.7	nan
2-Jan	nan	nan	nan	-3.5	-17.5	-4.4	-7.8	-7.1	-6.8	-3.9	-21.3	-5.9	nan	nan	-3.3	-11.6	0	-8.3	-1.3	-0.9	-2.1	-7.2	-3.2	-5.2	-7.6	-8.9	-6.6	-3.4	-7.7	nan	-1.7	nan	-9.3	-11.5	-5.4	-12.7	-3.8	-2.4	NaN	-6.2	-4	-3.5	-8.7	-5.9	-18.9	-9.2	-2.1	-12.4	-3.5	-4.4	-5.2	nan
3-Jan	nan	nan	nan	-5	-15.6	-5	-3.7	-6.9	-6.2	-0.5	-21.5	-7	nan	nan	-4.3	-11	1.5	-7.4	-2.5	-2	-2.4	-3.2	-6.2	-3	-8.8	-4.2	-2.8	-4.6	-6	nan	0.6	nan	-11.2	-15.5	-7.9	-8.6	-5.4	-4.4	NaN	-4.8	-0.8	-4.4	-12.1	-7	-20.3	-5.1	-2.1	-10.3	-3.3	-3.7	-6.0	nan
4-Jan	nan	nan	nan	-4.6	-12.2	-8.8	-2.4	-6.4	-6	4.1	-22.1	-8.5	nan	nan	-4.3	-8.2	-0.3	-7.5	-2.8	-10.4	-3.6	-2.6	-3.8	-1.3	-9	-3.4	-1	-4.4	-6.5	nan	-1.1	nan	-13.4	-15.1	-5.4	-10.7	-6.2	-4.2	NaN	-3.1	-1.8	-3.5	-15	-8	-17.8	-2.7	-2.6	-11.9	-3.5	-3.1	-5.9	nan
5-Jan	nan	nan	nan	-6	-14	-11.4	-1.6	-8.3	-5.2	4.9	-20.8	-9.8	nan	nan	-2.4	-5.9	-0.7	-16.3	-6.9	-10.9	-5	-1.7	-3.3	-2.3	-7.9	-5.5	-3.2	-6.8	-3.9	nan	-0.4	nan	-11.2	-13.2	-5.2	-8.6	-7.5	-4	NaN	-4	-5.1	-3.1	-15.8	-10	-18.5	-1.1	-4	-10.3	-2.7	-1.1	-5.6	nan
6-Jan	nan	nan	nan	-4.2	-13.2	-11	-8.8	-8.7	-5	4.4	-19.9	-10.6	nan	nan	1	-3.3	0.4	-16	-14	-6.3	-3	-4.1	-3.4	-2.6	-6.5	-6.8	-4.1	-4.4	-3.3	nan	-1.9	nan	-18.8	-10.4	-5.1	-7	-4.6	-2.5	-15.6	-8.3	1.1	-2.4	-19.2	-11.5	-18.4	-2.4	-4.3	-14.1	-3.6	-1.9	-3.9	nan
7-Jan	nan	nan	nan	-0.8	-10	-7.4	-9	-13.1	-3.7	1.3	-16.9	-12.5	nan	nan	-1.7	-1.1	0.3	-12.8	-13.3	-5.3	-1.2	-3.3	-4.3	-1.3	-5.4	-10.5	nan	-3	-2.6	nan	-2.6	nan	-17.5	-7.4	-6.8	-5	-3.8	-6	-15.9	-13.3	4.2	-2.9	-20.9	-10	-14.5	-0.2	-4.8	-6.3	-3.8	-2.1	0.4	nan
8-Jan	nan	nan	nan	-2.7	-14.2	-6.8	-9	-15.8	-3.7	-1.2	-14.9	-12.6	nan	nan	-3.6	0.8	-0.1	-12.4	-17.1	-2	-0.6	-5.6	-2.5	-1.8	-6.4	-15.6	-5.3	-2.2	-5.2	nan	-2.5	nan	-9	-6.6	-5	-7.7	-4.8	-6.2	NaN	-10.2	3.3	-2.2	-19.7	-8.2	-12.2	0.5	-2.3	-14.1	-5.2	-4.3	1.1	nan
9-Jan	nan	nan	nan	-3.5	-16.1	-7	-13.7	-23.5	-1	-5.6	-14.4	-11	nan	nan	-1.5	-2.7	0.5	-7.3	-16.6	-1.2	-1.3	-4.4	-6.1	-2.8	-8.3	-16.2	-8.8	-1.3	-4.8	nan	-3	nan	-2.7	-4.6	-3.9	-10.7	-7.2	-5.1	NaN	-5.9	1.1	-2.3	-15.4	-9.8	-11.7	0.6	-0.4	-13.6	-5.2	-6.8	0.1	nan
10-Jan	nan	nan	nan	-6.5	-15	-8.6	-11	-23.6	-0.6	-6	-12.3	-9.9	nan	nan	-2.5	-5.6	-0.5	-1.7	-16.8	-1.8	-1.1	-5	-16.8	-4.6	-6.8	-8.7	-7.2	-1.5	-4.7	nan	-7.4	nan	-2.7	-5	-4.2	-14.3	-10.8	-6	NaN	-7.8	-5.1	-3.7	-10.9	-12	-9.9	-1.1	-1.2	-5	-5.7	-6.9	0.4	nan
11-Jan	nan	nan	nan	-12.6	-16.2	-14.2	-6.1	-21.3	-4.7	-7.2	-10.6	-9.5	nan	nan	-1.6	-19.6	0.1	-2.3	-17.3	-3.5	-1.9	-3.8	-15.8	-6.8	-5.7	-4.3	-6.7	-3.1	-5.3	nan	-10.9	-11.8	-2.2	-4.9	-4.2	-16.4	-6.9	-9	3	-7.9	-14	-4.9	-6.5	-13.8	-6.9	-9.1	-2.6	-3.1	-3.4	-8.5	-0.4	nan
12-Jan	nan	nan	nan	-15.5	-16.8	-16	-5.9	-17.3	-13.9	-12.9	-14.8	-8.8	nan	nan	-2.8	-21.2	-0.6	-1.6	-15.8	-1.3	-2.1	-1.5	-11.5	-5.1	-9.7	-5.4	-7.2	-5.8	-5	nan	-13	-12	-1.6	-5.3	-4.4	-17.1	-4.7	-9.4	NaN	-10.3	-13.9	-5.4	-4.8	-14.5	-4.9	-3.5	-8.1	-12	-1.2	-6.8	0.1	nan
13-Jan	nan	nan	nan	-16	-11.2	-15.8	-11	-11.8	-17.2	-11.3	-16.3	-7.4	nan	nan	-4.2	-14.2	0.4	-3.9	-10.9	-1.1	-2.1	-1	-9.2	-3.4	-12.2	-5.7	-14.6	-4.6	-5.1	nan	-11	-10.3	-2.6	-7.5	-3.3	-15	-3.5	-5.5	NaN	-13.2	-12.7	-7.3	-5.3	-15.9	-3.4	-3.7	-12.1	-15.7	-0.6	-5.1	-0.3	nan
14-Jan	nan	nan	nan	-12.3	-10.3	-12.4	-13.7	-9.6	-20	-9.1	-11.4	-6.8	nan	nan	-5	-13.6	0.9	-6.6	-8.5	-2	-3.3	-1.8	-5.7	-4.3	-11.9	-6.5	-17.8	-2.9	-4.8	nan	-12.7	-11	-1.7	-6.1	-3.4	-13.4	-2.6	-3.5	NaN	-14.8	-8	-10.6	-4.7	-14.8	-1.8	-4.3	-14.8	-11	-2.1	-4.5	-0.2	nan
15-Jan	nan	nan	nan	-16	-11.7	-10.2	-19.1	-18	-19.3	-16.4	-5.1	-3.2	nan	nan	-3.4	-13	1.4	-5.7	-3.8	-1.6	-3.5	-2.7	-4.8	-4.9	-15	-5.8	-10.6	-2.5	-7.1	nan	-8.8	-8.4	-1.8	-3.9	-6.4	-13	-3.7	-3.8	NaN	-19.1	-5.9	-6.7	-11.1	-6.7	-1.7	-4.3	-17.3	-9.5	-4.2	-2.5	-0.8	nan
16-Jan	nan	nan	nan	-12	-9.8	-10.8	-20.6	-20.6	-17.3	-11.2	-3.2	-2.8	nan	nan	-4.9	-14.2	0.6	-4.6	-5.5	-1.1	-1.4	-3.3	-4.9	-5.9	-16.1	-3.7	-2.8	-2.6	-4.5	nan	-4.6	-6.9	-2.7	-2.2	-12.8	-13	-5.2	-3.1	NaN	-14.1	-3.6	-4.1	-10.2	-5.4	-1.1	-3.5	-17.1	-12.4	-6.1	0.3	-2.0	nan
17-Jan	nan	nan	nan	-9.5	-9.1	-15	-19.3	-16.5	-11	-10.1	-2.8	-3.8	nan	nan	-7	-5	0.8	-8.6	-6.5	-3.8	-1.4	-5.1	-4.8	-5.3	-18.4	-2.9	-5	-3.2	-4	nan	-3.4	-8.9	-0.8	-3.5	-13.3	-10.9	-2.3	-3.3	NaN	-13.6	-7.9	-6.1	-5.9	-4.1	-1.9	-3.8	-13.7	-13.1	-11.3	-1.2	-2.7	nan
18-Jan	nan	nan	nan	-13.1	-8.9	-11.8	-18.6	-11.8	-10.2	-11.7	-2.5	-2.9	nan	nan	-7.3	-3.6	1.1	-7.8	-2.9	-5.3	-2	-4.3	-4.8	-5.3	-18.2	-3.1	-6.5	-2.7	-8.1	nan	-3.6	-10.9	-1.6	-1.9	-13	-7.3	-2.4	-3.3	NaN	-17.1	-8	-8.1	-3.8	-3	-1	-4.8	-11	-11.3	-7.4	-3.7	-3.6	nan
19-Jan	nan	nan	nan	-13	-9.1	-4.8	-16.1	-9.8	-12.7	-12.8	-4.1	-4	nan	nan	-7.3	-4.6	-2.4	-6.4	-6.9	-7.8	-1.1	-5.3	-3.8	-4.8	-17	-3.4	-2	-5.4	-12.4	nan	-2.6	-9.1	-2.2	-1.6	-12.5	-5.2	-3.9	-4.9	NaN	-9	-4.7	-8.2	-5	-0.1	-1.9	-4.3	-8.4	-12.5	-4.2	-2.8	-4.3	nan
20-Jan	nan	nan	nan	-13.7	-7	-1.2	-17.6	-8	-19.2	-11	-5	-4	nan	nan	-6.7	-4.2	-3.8	-7.2	-5.7	-7.2	-2.4	-7.2	-4.4	-4.5	-19.4	-3.5	-3.8	-7.9	-19.3	nan	-2.3	-10.8	-5.8	-1.6	-12	-5.7	-4	-8.9	NaN	-2.1	-2.1	-8.4	-5.6	-2.6	-3	-3.3	-5.4	-13.1	-1.9	-0.6	-3.9	nan
21-Jan	nan	nan	nan	-12	-8.5	-0.8	-17.6	-7	-15.8	-11.2	-3.9	-4	nan	nan	-5	-2.6	1.3	-9.5	-4.9	-9.5	-2	-5.6	-1.4	-3	-19.7	-3.7	-4.1	-6.6	nan	nan	-1.6	-10.9	-7.5	-1.3	-9.4	-5.7	-4.6	-12.5	NaN	-1.7	-0.9	-4.1	-6.8	-3.3	-3.7	-5.8	-4.3	-12.3	0.2	0.9	-5.0	nan
22-Jan	nan	nan	nan	-3.6	-8.4	-1.6	-21.8	-9.6	-19.4	-8.8	-1.7	-8.8	nan	nan	-5.4	-5.8	0.5	-12.7	-1.5	-17.6	-2.1	-1.8	-2.1	-2.3	-14.4	-4.7	-3.4	-7.2	nan	nan	-8.2	-11.1	-5.2	-2.2	-8.6	-4.5	-3.7	-11.9	NaN	-4.6	-1.1	-14.1	-9.6	-4.5	-5.1	-3.9	-5.7	-8.3	-0.4	1.3	-2.5	nan
23-Jan	nan	nan	nan	-7	-5.6	-1.8	-23.3	-9.8	-22.6	-4	-1.9	-10.2	nan	nan	-7.5	-12.6	-1.5	-13.4	-1	-19.5	-1.8	-1.1	-3.2	-5	-8.9	-9	-3.6	-11.2	nan	nan	-9.2	-9.3	-6.2	-1.6	-4.4	-4.5	-5	-11.8	NaN	-3.9	-1.4	-12.7	-10.1	-9.3	-6.3	-3.5	-4.5	-8.5	-1.2	2.5	-2.5	nan
24-Jan	nan	nan	nan	-6.8	-1.1	-4.2	-24.6	-9.8	-20.2	-4.8	-2.8	-7.1	nan	nan	-6.3	-7.6	-1.5	-12.7	-5.5	-18.6	-4.1	-2.7	-2.6	-9.2	-8.2	-11	-2.3	-8	nan	nan	-12.9	-9.2	-8	-3	-8.2	-4.5	-5.5	-18.2	NaN	-5.7	-3	-15.3	-14.8	-12.1	-5	-4.1	-2.6	-10.9	-4.1	2.2	-11.0	nan
25-Jan	nan	nan	nan	-5	-2	-4	-15.9	-7	-14.8	-8	-5.1	-3.7	nan	nan	-5	-6.8	-1.3	-9.6	-1.7	-14.2	-4.4	-4	-2.2	-11.7	-9.3	-13	4.3	-4.7	nan	nan	-16.2	-11.9	-9.2	-2.8	-8.9	-6.1	-5.1	-17.1	NaN	-9.4	-2.2	-16.9	-9.7	-10.1	-5.4	-3.9	-2.8	-17.1	-10.5	3.8	-14.8	nan
26-Jan	nan	nan	nan	-5	-5	-5.2	-10.1	-5.4	-8.9	-9.3	-4.8	-2.3	nan	nan	-6.6	-8	-3.2	-11.7	-1.1	-7.1	-1.7	-3.3	-4.2	-10.1	-19.9	-12	-0.1	-4.4	nan	nan	-11.9	-14.1	-7.1	-2.1	-10	-5	-4.5	-12	NaN	-10.4	-0.3	-17.7	-3.9	-12.4	-6	-4.2	-5.6	-17.7	-17.5	4.3	-10.2	nan
27-Jan	nan	nan	nan	-5	-4.8	-9.4	-13.1	-5	-3.6	-13.2	-4	-2.7	nan	nan	-6	-6.2	-5.6	-9.5	-1.5	-6.7	-2.1	-4.8	-4.1	-7.9	-25.1	-10.6	-1.8	-5.5	nan	nan	-5.7	-12.2	-7.8	-2.2	-15.3	-4.7	-5.2	-9.7	NaN	-12.7	-3.2	-17	-3.8	-12	-9.9	-3.5	-6.9	-16	-21.6	2.8	-7.9	nan
28-Jan	nan	nan	nan	-4.2	-5.8	-9.2	-13.7	-4	-2.2	-18.7	-3.1	-4.7	nan	nan	-4.9	-4.4	-4.3	-4.8	-2.5	-7.3	-3.3	-5.3	-8.8	-7.8	nan	-12	-5.9	-4.8	-3.6	nan	-0.3	-10.9	-4.5	-2.1	-18.5	-6.8	-6.7	-6.1	NaN	-10	-5.7	-17.9	-2.9	-9.6	-8.2	-2.1	-6.5	-12.8	-13.4	-0.8	-5.4	nan
29-Jan	nan	nan	nan	-4.5	-7	-10.4	-13.5	-7	-2.7	-14.8	-9.7	-2.8	nan	nan	-3.3	-10	-3	-4.2	-2.6	-3	-2.2	-2.6	nan	-7.6	nan	-12.1	-9.6	-6.2	-5.6	nan	-0.8	-10.2	-2.8	-2.1	-19.8	-8.7	-5.7	-4.7	NaN	-11.8	-3	-12.6	-1.3	-9.6	-5.3	-0.6	-5.2	-11.3	-6.9	-1.6	-3.9	nan
30-Jan	nan	nan	nan	-12	-7.4	-6.4	-12	-8.4	-11.1	-11.9	-10.8	-5	nan	nan	-4	-9	-1.8	-4.1	-2.7	-4.2	-2.1	-2.7	nan	-6	-20.6	-13.3	-12.1	-7.3	-12.4	nan	-3.1	-9	-4.5	-2.9	-25.2	-8.8	-5.3	-5	2	-11.8	-2.2	-12.9	0.1	-10.9	-11.2	-0.3	-5.3	-8.5	-2.1	0.1	-3.1	nan
31-Jan	nan	nan	nan	-17.5	-8.6	-5.6	-7.8	-5.9	-12	-10.9	-10.6	-5.9	nan	nan	-1	-2.2	-1	-4	-1.9	-6.3	-2	-3.5	nan	-3.4	-13.4	nan	-14.6	-9.4	-17.4	nan	-3.9	-7.4	-4.8	-1.8	-21.8	-5.7	-3.4	-5.3	NaN	-8.1	-10.1	-10.7	4.4	-12.6	-14.4	-0.2	-4.1	-7.3	-2.4	-0.1	-0.7	nan
1-Feb	nan	nan	nan	-16.1	-10.4	-9.4	-10.3	-2.8	-8.3	-10.8	-9.3	-8.5	nan	nan	-3.4	-3.4	-0.8	-2	-2.2	-5.7	0	-1.4	nan	-2.3	-12.1	nan	-10.9	-10.1	-21.4	nan	-3.7	-9	-4.9	-0.9	-15.8	-7.5	-5.9	-5.4	NaN	-5.5	-14.1	-13.7	2.7	-12.3	-13.7	-1.7	-1.7	-4.1	-1	-0.4	-0.1	nan
2-Feb	nan	nan	nan	-16	-13	-3.8	-11.2	-2.7	-3.9	-8.7	-11.9	-5	nan	nan	-6.6	-3.2	-1	0.7	-2.7	-6	-0.6	-2.8	nan	-6.7	-10.4	nan	-12.4	-6.9	-17.4	nan	-3.5	-9.7	-4.4	-0.9	-24	-5.3	-9.3	-5.4	NaN	-6	-19.3	-18.9	-1.4	-12.9	-18.3	-3.4	-1.8	-5.1	-1.2	-3.5	-6.2	nan
3-Feb	nan	nan	nan	-18.5	-15.8	-6.8	-11.4	-3.3	-3	-7	-6.5	-3.8	nan	nan	-13.8	-6.6	-2	2.5	-3.3	-5	-3.1	-5.3	nan	-9.4	-7.4	nan	-11.5	-11.5	-17.2	nan	-1.8	-12.8	-3.8	-1.9	-25.6	-4.7	-10.2	-5.4	NaN	-5.6	-14.4	-16	-2.1	-17	-19.5	-6.8	-6.6	-10.6	-2.8	-4.1	-6.0	nan
4-Feb	nan	nan	nan	-20.2	-10.8	-4	-10.3	-5.2	0.3	-8	-2.8	-2	nan	nan	-8	-5.2	-1	1.9	-2.1	-5.5	-3.4	-3.7	nan	-4.6	1.4	nan	-11.9	-11.2	-11.6	1.4	-0.7	-12.5	-3.5	-1.8	-22.3	-4.7	-8	-5.6	NaN	-4.1	-10.3	-12.3	-4.7	-17.2	-11.6	-8.2	-6.8	-8.9	-3	-5.3	-6.5	nan
5-Feb	nan	nan	nan	-12.4	-9.8	-2.6	-6.3	-9.5	-0.8	-5.8	2.9	-3.5	nan	nan	-15	-2.8	-0.5	5.8	-3.5	-9.1	-6.7	-3.8	nan	-2.6	0.2	nan	-12.7	-5.4	-3.8	-1.4	-0.4	-14.4	-2.5	-0.1	-24.3	-4.3	-4.7	-6.3	NaN	-4.4	-9.6	-5.9	-2.4	-16.4	-7.4	-4.8	-6.7	-2.5	-2.4	-5.9	-7.9	nan
6-Feb	nan	nan	nan	-3.4	-7	-3	-3.1	-13.3	-2.7	-4.8	5.4	-2.9	nan	nan	-15.1	-3.8	-1	6.3	-3.8	-8.9	-8.4	-2.3	nan	-2.7	-7	nan	-16.8	-5.6	-10.3	-3.5	-3.5	-11.1	-2	-0.9	-15.3	-3.2	-4.9	-8.5	NaN	-8.9	-8.2	-4.2	-2.5	-13.7	-8.4	-5.9	-5	-1.6	-6	-7.2	-13.3	nan
7-Feb	nan	nan	nan	-2.5	-5.6	-2.4	-2.2	-6.6	-1.6	-3.9	3	-10.5	nan	nan	-19.1	-9.2	0.1	7.4	-6	-13.8	-8.8	-2.6	nan	-2.2	-3	nan	-17.8	-5.9	-10.7	-3.5	-2.9	-11.6	-2.7	0.2	-16.6	-4.7	-3.1	-7.9	NaN	-4.6	-4.9	-7.6	-3	-13.9	-9.4	-8.7	-5.1	-2.5	-4.8	-6.1	-14.2	nan
8-Feb	nan	nan	nan	-2	-7.4	-4.8	-2.5	-3.2	-2	-3.8	-2.5	-20	nan	nan	-17	-5.8	0.2	3.4	-8.5	-14	-11.8	-2.3	nan	-3.2	-5.1	nan	-9	-2.7	-1.6	-5.1	-1.3	-9.9	-4.1	-2.1	-17.1	-5.3	-6.3	-8.5	NaN	-3.2	-4.2	-8.2	-3.2	-14.1	-12.4	-10.8	-4.5	-2.6	-3.7	-7.4	-8.5	nan
9-Feb	nan	nan	nan	-1.6	-6.4	-4.6	-3.7	-6.1	-4.7	-5	-8.4	-17	nan	nan	-13.3	-4.4	-2	-3.4	-9.1	-15.5	-16.4	-3.1	nan	-4.7	-3.6	nan	-9.3	-0.6	1.9	-7.5	-2.4	-11.9	-3	-3.6	-18	-3.7	-8.1	-8.4	NaN	-4.2	-4.2	-5.1	-2.9	-11.9	-12.9	-5.9	-3.2	-3.4	-2	-10.9	-5.7	nan
10-Feb	nan	nan	nan	-2.7	-5	-2	-6.5	-6.5	-5.8	-4.3	-15	-13.9	nan	nan	-12.1	-1.8	-4	-6.9	-11.7	-10.5	-12.8	-0.5	nan	-3.5	-5.1	nan	-0.7	-6	1	-9.8	-2.1	-10.4	-3.3	-3.1	-13.7	-3.7	-7.8	-10.1	NaN	-2.7	-5.8	-2.7	-4	-9.6	-13.9	-3	-2.9	-3.3	-4	-9.2	-4.2	nan
11-Feb	nan	nan	nan	-0.8	-3	-1	-4.8	-5	-8.8	-7.9	-17	-10.3	nan	nan	-11.4	-0.6	-4.8	-10.6	-11.5	-4.1	-14.9	5.7	0.6	-4.5	-3.9	nan	-1.6	-6.4	-0.5	-11.4	0.3	-10.2	-3.8	-3	-9.2	-5.3	-5.8	-5.6	NaN	-3.4	-12.6	-1.3	-6	-4.6	-9.5	-2	-8.2	-3.9	-7.7	-12.9	-2.6	nan
12-Feb	nan	nan	nan	0	-3.2	1	-3.1	-8.1	-12.5	-9.3	-15.8	-6.6	nan	nan	-12.3	0.4	-5.9	-10.1	-10.8	-3.2	-16.2	8.1	-0.5	-4.3	-0.5	nan	-2.4	-8.7	-0.7	-15.2	-2.4	-9.8	-5.5	-4.4	-9.9	-3.2	-4.6	-8.7	NaN	-2.1	-13	-3	-6	-5.2	-5.8	-3.4	-14.5	-4.5	-5	-17.6	-2.1	nan
13-Feb	nan	nan	nan	1	-3	1	-3.7	-10.4	-7.7	-8.2	-12.6	-5	nan	nan	-13.7	-3.4	-7.2	-8	-9.2	-3.4	-12	5.3	-1.5	-4.3	0.7	nan	-1.7	-8.8	-0.2	-14.3	-4.5	-6.9	-4.4	-4.9	-4.7	-3.7	-5.8	-7.8	NaN	-1.2	-8.8	-5	-3.1	-5.1	-4.8	-2.3	-16.8	-4.3	-4.3	-13.9	0.3	nan
14-Feb	nan	nan	nan	1	-3.2	0.8	-2.2	-7	-5.5	-12	-10.4	-6.2	nan	nan	-16.5	3.6	-12.2	-16.8	-8.2	-11.7	-15.9	6.7	-3	-4.3	0.3	nan	-1.4	-9.6	-1.4	-12.3	-5.7	-4.1	-2.3	-2.9	-5.8	-5.3	-1.5	-7	NaN	-3.4	-3.5	0.2	-4.1	-3.5	-5.9	-2.3	-13.3	-6.3	-3	-11.5	-1.1	nan
15-Feb	nan	nan	nan	-0.2	-1.6	-1.2	-4.8	-11.7	-4	-15.3	-15.1	-7.1	nan	nan	-12.1	1.4	-13	-25.3	-3.5	-4.7	-15.5	3.8	-2.8	-8.9	-1.8	nan	-1.5	-12.7	-0.8	-11.1	-9.6	-4.4	-1.6	-2.3	-4.5	-6.4	-5.3	-8.5	NaN	-6.2	-4.3	2.4	-4.9	-13.5	-5	-2.6	-12.1	-5.1	-6.1	-12.1	-2.3	nan
16-Feb	nan	nan	nan	-1.5	-3.8	-3.4	-6.7	-16.8	-3.3	-12.8	-9.1	-7.3	0	nan	-9.5	-1.2	-10.8	-20.9	-2.7	-4.8	-14.1	4.9	-3.6	-5.6	nan	nan	-2.9	-15.1	1.6	-9.3	-10.3	-3.5	-1.8	-1.6	-4.3	-5.3	-5.1	-9.7	NaN	-3.8	-5.7	-1.6	-4.4	-7.7	-4.2	-2.1	-11.2	-4.5	-7.2	-10.8	-2.3	nan
17-Feb	nan	nan	nan	-4.1	-4	-2.6	-5	-21	-2.9	-10.4	-4.6	-8.3	nan	nan	-7.1	-4.6	-8.1	-19.3	-1	-4.4	-14	-4.4	-4.3	-4.3	0.3	nan	-4.6	-15.4	3.7	-10.2	-11.6	-4.7	-1.7	-1.2	-4.6	-4.3	-4.3	-8.7	NaN	-4.6	-5.1	-2.3	-6.3	-3	-4	-2.7	-7.4	-5.2	-5.2	-9.9	-3.6	nan
18-Feb	nan	nan	nan	-4.6	-4.6	-2.4	-5.2	-12.5	-2.3	-17.2	-6.2	-9.4	nan	nan	-8.7	-7.4	-5.6	-19.4	-4.5	-6.3	-14.6	-12.5	-3.5	-2.5	5.7	nan	-10.2	-9.5	2.4	-12.2	-10.4	-5.8	-2.5	-1	-7.1	-5.3	-1.3	-10	NaN	-6.8	-4.3	-2.3	-8.4	-2.3	-4.3	-2.4	-8.2	-6.1	-8.7	-9.1	-5.0	nan
19-Feb	nan	nan	nan	-4.5	-4.8	-2.4	-5.9	-8.2	-2.5	-11.9	-14.7	-8.7	nan	nan	-7	-10.4	-3.6	-20	-3.7	-8.3	-13.4	-13.2	-3	-2.9	0.5	nan	-13.1	-12	1.5	-14.6	-10.9	-6.6	-2.6	-1.2	-7.8	-4.7	-3.3	-11.1	NaN	-3.9	-3.8	-4	-10.5	-2.3	-5.7	-1.1	-12.2	-5	-5	-11.2	-1.8	nan
20-Feb	nan	nan	nan	-4	-5.2	-3.6	-3.7	-9.5	-2.3	-10.2	-13	-9.6	nan	nan	-9	-8.4	-3	-19.3	-3.4	-11.6	-11	-11	-3.2	-13.5	-5.7	nan	-10.5	-13.5	2.2	-18.4	-7.6	-5	-3.7	-2.3	-7.2	-4.3	-3	-13	NaN	-2.6	-2.6	-6.5	-13	-3.2	-7.6	-0.6	-10.3	-4.9	-3.8	-11.1	-1.2	nan
21-Feb	nan	nan	nan	-3	-5	-3.4	-3.3	-7.6	-3.2	-10.8	-4	-10.7	nan	nan	-6.2	-6.4	-7.6	-18.8	-2.4	-7.2	-12.4	-7.8	-3.1	-15.3	-3.8	nan	-10.5	-9.4	-1.2	-20.1	-9.8	-7.7	-3	-1.8	-6.8	-3.7	-3.1	-12.3	NaN	-2.5	-3	-10.1	-14.7	-3.7	-10.1	-0.6	-9.7	-6.5	-5.6	-8.8	-0.4	nan
22-Feb	nan	nan	nan	-2.5	-4.6	-2	-9.9	-0.5	-4.8	-7.2	-7.5	-9.5	nan	nan	-2.8	-4.8	-7.1	-15.3	-1.6	-5.4	-12.4	-10.2	-4.1	-6	-3	nan	-8.2	-9.9	-4.8	-15.9	-13.1	-6.6	-1.4	-1.5	-5.7	-3.7	-1.6	-10.5	NaN	-3.2	-3.8	-10.2	-16.7	-4.7	-2.7	-1.7	-10.3	-8.2	-8.9	-7	0.2	nan
23-Feb	nan	nan	nan	-2.5	-5	-2.6	-17.6	1	-2.9	-7.3	-9.9	-13.2	nan	nan	-2.2	-3.6	-5.9	-12.7	-1	-5.9	-7.6	-12.7	-3.3	-3.6	-5.1	nan	-2	-6	-4.2	-11.9	-14.3	-8.6	-3.5	-2.8	-6.3	-7.5	-2.9	-8.1	NaN	-1.7	-2.9	-10.2	-17.1	-4.6	0.5	-2.2	-6.6	-10	-6.8	-6.6	-2.6	nan
24-Feb	nan	nan	nan	-2	-5	-3	-19.7	-2.7	-3.2	-4.3	-8.7	-8.8	-5.3	nan	-8.2	-6.2	-4.3	-12.9	-4	-6.3	-6.9	-10.8	-6.2	-2.5	-0.7	nan	0.3	-5.9	-4.4	-10.8	-16	-8	-5.8	-4.5	-7.9	-5.8	-6.6	-7.8	NaN	-2.3	-2	-11.8	-15.6	-6.2	-2.2	-3.6	-4.6	-12.1	-5.1	-5.7	-4.8	nan
25-Feb	nan	nan	nan	-2	-3.6	-2.2	-20.1	-7.3	-5.6	-8	-3.9	-7.4	-6	nan	-8.2	-2.8	-0.8	-11.6	-3.7	-4.1	-3.7	-12.1	-8.7	-3.2	-2.8	nan	-0.2	-3.2	-4.7	-11	-9.7	-7.5	-3.5	-5.1	-12.7	-5.8	-5.5	-6.3	NaN	-4	-3.8	-11.2	-13	-6.8	-6.1	-5.9	-4.7	-8.9	-4.7	-2.8	-4.1	nan
26-Feb	nan	nan	nan	-2	-3.6	0	-15.2	-2.9	-7	-6	-4.2	-7.1	-6	nan	-6.4	-2.4	-1.8	-8.3	-3	-2.4	-3.2	-17.8	-8.3	-6.1	-4	nan	2.7	-2.4	-1.9	-10.8	-7.6	-6.5	-4.8	-5.8	-7.8	-5.8	-4	-6.1	NaN	-5.5	-4.6	-12.4	-11.5	-5.5	-8.6	-9.1	-13.3	-5	-4.5	3.6	0.8	nan
27-Feb	nan	nan	nan	-1	-4	-0.4	-10.5	-9	-8.8	-8.3	-6.6	-9.3	-7.5	nan	-8.9	-2.2	-2	-9.3	-2.2	-3.1	-3.2	-20.3	-7.8	-5.4	-5.4	nan	9.7	-5.2	-2.4	-6.7	-3.3	-5.1	-4.5	-5.9	-8.8	-5.3	-2.9	-6.1	NaN	-4.4	-5.3	-12.2	-12.9	-3.5	-7.3	-8.2	-12.3	-6.8	-4.4	2.9	-1.9	nan
28-Feb	nan	nan	nan	-0.8	-3.4	3.8	-7.4	-10.4	-5.9	-12.2	-6.3	-11.5	-6.1	nan	-9.3	-0.8	-2.8	-8.5	-2.7	-3.3	-9.4	-17.4	-9.7	-3.6	-1.8	nan	5.2	-10	-2.7	-2.4	-3.6	-6.8	-6.6	-3.2	-10.8	-5.3	-5.8	-7.4	NaN	-4.4	-6.4	-13.7	-14.6	-3.3	-8.1	-3.7	-7.9	-7.9	-5	3.4	-3.0	nan
29-Feb	nan	nan	nan	-2.5	nan	nan	nan	-11.9	nan	nan	nan	-8.9	nan	nan	nan	-3.8	nan	nan	nan	-3.9	nan	nan	nan	-3.8	nan	nan	nan	-11.1	nan	nan	nan	-4.2	nan	nan	nan	-5.3	nan	nan	nan	-4.3	nan	nan	nan	-6.9	nan	nan	nan	-7.5	nan	nan	nan	nan
1-Mar	nan	nan	nan	-1	-3.6	2	-3.7	-11.1	-6.1	-12.5	-3.2	-7	-5.1	-4.2	-7.9	-4.8	-2.5	-6.6	-6.5	-2.7	-8	-14.3	-12.2	-2.3	-0.3	nan	2	-17.1	-4.2	-3.6	-4.9	-6.9	-8.4	-4.5	-4.6	-4.6	-7.1	-6.3	NaN	-4	-5.2	-13.6	-17	-5.9	-13	-1.9	-10.7	-7.4	-5.8	1.2	-1.2	nan
2-Mar	nan	nan	nan	-2.6	-5	-0.4	-7.3	-15	-6.8	-10.3	-6.1	-5.4	-4.7	-4.8	-5.3	-4.2	-4.1	-7.7	-6.4	-3.7	-8.5	-10.7	-12	-3	-9.6	nan	1.4	-19	-6.2	-7	-1.5	-13.5	-11.7	-7.3	-7.4	-3.6	-8.6	-7.5	NaN	-3.6	-5.1	-8.3	-14.8	-3.7	-12.1	-3.5	-9.4	-7	-5	-2.6	-2.5	nan
3-Mar	nan	nan	nan	-2	-4.2	-5.6	-16.1	-13.8	-7.6	-12.7	-8	-4	-4.7	-7.6	-3.9	-3.2	-5.1	-7.4	-7.4	-3.3	-8.6	-11.7	-13.5	-3.9	-11.5	nan	1.2	-17.7	-4.8	-12.8	3.6	-10.3	-11.7	-5.3	-9.4	-5.1	-7.1	-9.2	NaN	-3.5	-3.1	-6.8	-11.3	-3.9	-8.7	-4.7	-11.1	-10.3	-3.5	-7.1	-2.2	nan
4-Mar	nan	nan	nan	-2	-3.4	-5.2	-23.8	-12.8	-6.3	-16.9	-7	-3.7	-5	-7.9	-1.6	-4	-5.9	-7.3	-5.4	-1	-6	-10.6	-15.3	-2.9	-13.3	nan	-5.7	-21.1	-2.7	-17.2	0.8	-12.4	-8.7	-5.6	-11.4	-6.1	-5.9	-9.6	NaN	-5.2	-2.7	-6.6	-13.6	-2.6	-6.9	-6.1	-10.9	-12.2	-3.1	-6	-2.1	nan
5-Mar	nan	nan	nan	-1	-3.2	-3	-25.7	-15.4	-5.5	-12.8	-6.9	-4.5	-11.3	-8.4	-1.3	-4.4	-3	-5	-2.2	-0.4	-4.7	-10.5	-15.7	-3.2	-9.9	nan	-5.4	-14.4	-1.9	-16.1	-2.6	-13.1	-5.7	-6.6	-11.2	-5.5	-4.6	-10.5	NaN	-7.3	-2.8	-5.4	-18.8	-3.4	-6.3	-5.9	-5.8	-9.2	-3.9	-6.8	-2.1	nan
6-Mar	nan	nan	nan	-3	-3.2	-3	-24.4	-15.7	-4	-10.4	-6.6	-3	-10.4	-8.4	-1.3	-2.6	-4.1	-3.6	-3	0.7	-5.6	-7.4	-9.2	-3.8	-9.9	nan	-3.6	-7.3	-3.8	-6.6	-3.5	-11.9	-4.5	-7.2	-12	-5.5	-4.3	-9.8	NaN	-8	-3.2	-6.4	-20.2	-3.1	-10	-9.5	-3.7	-8.8	-3.9	-7.9	-2.4	nan
7-Mar	nan	nan	nan	-4	-2.6	-5	-18	-16.8	-2.5	-16.2	-5	-4.8	-10.3	-4.5	-3.6	-4	-2	-4.7	1.1	0.9	-7.5	-5.1	-5.1	-3.3	-9.1	nan	-4.1	-4.4	-5	-1.5	-1.9	-9.7	-5.3	-4.1	-12	-6.5	-4	-8.2	-7.6	-10.2	-2.2	-6.5	-12.4	-3.3	-9.5	-15.2	-2.7	-9.6	-3.9	-7.6	-5.2	nan
8-Mar	nan	nan	nan	-3	-3.6	-6.2	-15.7	-18	-1.7	-9	-5.1	-6.1	-10.2	-6.2	-4.4	-4.8	-1.4	-5.6	1	1.2	-4.1	-11.3	-2.1	-3.8	-8.9	nan	-7.3	-3.5	-4.5	-1.9	-2.7	-4.4	-5.3	-3.3	-15.3	-4	-4	-9.3	-8.3	-12.6	-2.1	-9.7	-9.9	-4.2	-8.7	-6.9	-6	-11.9	-4.2	-7.6	-11.9	nan
9-Mar	nan	nan	nan	-2.5	-2.8	-3.6	-15	-20.2	-2.4	-11.5	-7.2	-7.6	-9.4	-4.8	-2	-6.2	-0.7	-5.8	-1.8	0.8	-4.1	-5.8	0.2	-4.8	-9.8	nan	-9	-4.3	-7.7	-1.8	-4.8	-1.9	-7.1	-5	-17.2	-4	-3.7	-11.7	-9	-9.3	-2.4	-11.3	-6.7	-3.9	-7.4	-13	-6.9	-13	-5.3	-6.2	-14.7	nan
10-Mar	nan	nan	nan	-2.6	-3	-1.2	-11	-13.1	-4	-11.8	-6.1	-8.9	-7.8	-3.8	-3.7	-7.2	-1.5	-6.7	-3	0.7	-4.5	-3.8	-0.8	-3.3	-6.5	nan	-9	-1.9	-5.3	-1.6	-10.5	-3.6	-8	-3.3	-9.9	-6.5	-2.6	-12.9	-10.9	-3.7	-2.5	-11	-8.6	-5.6	-5.5	-17.3	-8.3	-12.8	-5.9	-3.7	-15.3	nan
11-Mar	nan	nan	nan	-1.8	-4.4	0.4	-8.8	-9.9	-4.3	-9.4	-4.7	-9.1	-9.5	-5.1	-3.4	-9.8	-1.8	-7.6	-2	0.9	-5.1	-1	2.8	nan	-5	nan	-8.2	-3.4	-2.6	-3.2	-14.6	-3.3	-6.6	-1	-4.2	-4.6	-6.1	-9.4	-8.6	-4.2	-2.2	-10.8	-11.8	-6.3	-4.1	-18.7	-9.8	-14.4	-6.7	-3.6	-14.6	nan
12-Mar	nan	nan	nan	-3.8	-5.6	-1.2	-7.1	-14.4	-3	-11.5	-5.2	-6.9	-8.2	-4.9	-3.6	-10.2	-1.9	-9.6	-1.5	0.9	-6.2	-1.5	-0.1	nan	0.6	nan	-8.3	-4.4	-1.7	-1.5	-15.3	-2.4	-4.2	-1.2	-3.6	-4.6	-2.8	-11.7	-14.2	-4.7	-2.2	-8.5	-13	-6.9	-4.8	-14.5	-10.1	-9.1	-8.9	-6.1	-18.4	nan
13-Mar	nan	nan	nan	-2	-5.4	-2.4	-11.6	-8.8	-6.5	-8.9	-5.5	-9.1	-7.2	-4.9	-2.8	-12.6	-1.7	-11.1	0.1	-2.1	-6.4	-0.6	-3.1	nan	2.8	nan	-6.9	-5.3	-1.7	-2.8	-18.4	-3	-4.6	-1.9	-5.4	-4.6	-4.4	-11.7	-20.6	-6.1	-2.2	-7	-17.2	-7.5	-6.7	-9.5	-10.6	-7.7	-11.2	-3	-20.0	nan
14-Mar	nan	nan	nan	-3	-8.8	-3	-11.6	-10.9	-7.7	-6	-5.2	-10.8	-7.2	-5.6	-2.2	-14.8	-2	-8.7	-0.9	-0.8	-7.8	-1.1	-3.1	nan	3.8	nan	-5.1	-5.1	-3.6	-2	-21.3	nan	-2.6	-1.1	-6.9	-5.5	-4.5	-7.6	-12.1	-5.3	-1.9	-9.9	-20.6	-7	-8.2	-3.9	-7.4	-5.9	-7.1	-7.4	-18.0	nan
15-Mar	nan	nan	nan	-6	-11	-2.6	-10.1	-9.4	-8	-4.4	-5.8	-7	-5.4	-3.5	-2.3	-10.8	-1.5	-3.9	-3.1	-2.3	-4.5	-3.1	-3.5	nan	2.8	nan	-8.8	-4.3	-4.9	-4.1	-15.2	nan	-3.7	-1.3	-6.9	-4.6	-3.8	-6.4	-2.2	-5.3	-3.5	-12	-14	-7.3	-13.3	-2.6	-3.1	-6.6	-5.8	-12	-8.0	nan
16-Mar	nan	nan	nan	-7.5	-7.8	-1.6	-5.2	-9.9	-7.6	-4.4	-6	-9.9	-3.6	-3.5	-3.1	-10.6	-1.4	-4	-2	-0.2	-5.3	-4.8	-3.2	nan	-1	nan	-9.7	-3.2	-5.9	-9.2	-4.9	nan	-11.1	-2.8	-10.2	-4.6	-4.1	-7.2	-3.4	-7.2	-3.4	-12.3	-9.5	-5.9	-9.7	-1.7	-2.7	-6.6	-5.7	-9.1	-3.9	nan
17-Mar	nan	nan	nan	-11	-7.2	-2.2	-3.7	-9.6	-7.5	-4.4	-5.2	-9.4	-7.5	-5.7	-2.7	-8.8	-1	-3.1	0.2	-2.5	-6.1	-3.2	-3.4	-2	-2.7	nan	-4.8	-4.5	-7.7	-10.4	-6.6	nan	-8.7	-2.9	-11.8	-4	-4.6	-6.7	-3.5	-8.7	-1.2	-12.9	-12.4	-6.1	-6.1	-2.9	-4	-7.3	-9.8	-6.8	-2.0	nan
18-Mar	nan	nan	nan	-13	-6.4	-2.8	-5.2	-2.7	-12	-5.1	-9	-6.9	-7.5	-3.8	-3.8	-7.4	-0.5	-3.3	-1.3	-2.4	-5.3	-4	-4.7	nan	-4	-0.9	-5.4	-5.8	-8	-12.8	-8.9	nan	-4.3	-2.1	-7.8	-2.6	-8.4	-6	-2.9	-11.4	-0.1	-8.9	-9.7	-7.2	-6.3	-4.1	-5.1	-7.4	-10.6	-5.7	-1.1	nan
19-Mar	nan	nan	nan	-11.8	-6	-2.4	-3.1	-2.1	-8	-3.2	-10.9	-8.9	-7.1	-3.2	-2.9	-4.8	-0.2	-2.6	-3.7	-1.3	-6.1	-4.3	-4	nan	-4.8	-2.8	-5.8	-4.4	-6.1	-15.4	-7.7	nan	-3	-1.3	-5.9	-6.1	-10.4	-6.4	-4.1	-14.2	-2.7	-4.4	-11	-7.7	-7.1	-3.2	-6.6	-8.6	-12.4	-5.7	-2.4	nan
20-Mar	nan	nan	nan	-6	-3.2	-3.4	-3.1	-4.7	-6.7	-1.5	-14.2	-6.9	-6.2	-3.7	-2	-5.6	-0.7	-2.2	-4	-3.4	-4.6	-3.9	-3.2	nan	-3.7	-1.1	-5.4	-4.8	-5.8	-15.7	-12.5	nan	-3.1	-0.6	-4.2	-6.5	-10.4	-7.6	-5.6	-5.4	-5.3	-4.1	-10	-7.9	-8.8	-3.3	-7	-10.7	-12.7	-6.1	-1.3	nan
21-Mar	nan	nan	nan	-1.4	-3.6	-2.8	-5.2	-4	-5.3	0.1	-14.6	-4.5	-6.4	-3.2	-1.1	-3.2	-2	-2.6	-4.6	-3.6	-4.8	-2.5	-2.8	nan	-3.4	-1.1	-7.3	-5.4	-2.6	-11.6	-15.9	nan	-2.4	-0.8	-2.7	-6.5	-10.7	-9.6	-10.4	0.1	-9.7	-1.1	-6	-5.6	-9.5	-4	-6.3	-9.6	-10.6	-5	-2.8	nan
22-Mar	nan	nan	nan	-4.5	-4.4	-3.2	-8.4	-2.4	-3.1	-0.7	-13	-3.6	-9	-6.2	-2.2	-4.6	-1.5	-1.4	-3.1	-3.4	-4.8	-4.1	-2.6	nan	-3.4	3	-6.8	-5.9	-2.3	-8.2	-14.9	nan	-4.3	1.1	-3.8	-5.1	-11.4	-6	-11.2	2.9	-6.9	0.5	-9.5	-5.3	-6.8	-5	-6.1	-9.7	-6.2	-5.1	-2.8	nan
23-Mar	nan	nan	nan	-5	-4	-2.4	-11.4	-6.1	-1.3	-1.7	-8.6	-2.7	-12.2	-7.7	-1.9	-5.8	-1	-4.8	-3.3	-2.4	-4.3	-2.4	-2.3	nan	-2.5	0.7	-2.9	-4.5	-4.9	-4	-15.3	nan	-5.4	0.2	-3.2	-5.5	-8	-7.3	-9.6	-2.4	-5.2	-0.4	-9.5	-5.6	-6.3	-3.8	-4.8	-8	-3.4	-3.5	-2.4	nan
24-Mar	nan	nan	nan	nan	-4.4	-3.6	-9.5	-5.2	-0.9	-0.1	-9.5	-2.8	-10.5	-3	0.1	-4.6	-0.1	-3.7	-2.8	-3.2	-4.4	0.1	-3.2	nan	-1.8	-2.3	1.1	-4	-8.5	-1.1	-12.6	nan	-7.6	-2.3	-3.4	-4	-6.4	-7	-5.8	-3.9	-4.3	-1.9	-12.2	-5.7	-4.9	-3.1	-4	-6.6	-4.8	-3	-2.9	nan
25-Mar	nan	nan	nan	nan	-5.4	-2.6	-8.6	-4.6	-2.7	2.6	-9.3	-8	-5.5	-1.8	2.6	-4.4	1.6	-7	-3.8	-1.3	-6.1	-1.8	-2.9	nan	-1.2	-1.7	2.7	-4.1	-7.1	-1.9	-7.8	nan	-9.2	-3.3	-3.7	-4.6	-1.5	-6.4	-1.9	-5.6	-5.1	-2.4	-13.9	-5.3	-6.1	-4.6	-3.5	-6.8	-13.1	-2.1	-1.8	nan
26-Mar	nan	nan	nan	nan	-4.2	-1.4	-9.1	-3.1	-1.3	2.1	-7	-8	-6.6	-4.5	0.1	-3.4	-1	-8.6	-3.1	-0.9	-5.6	-6.9	-3.6	nan	-0.7	-0.3	-2	-5.3	-6.6	-3.4	-4.1	nan	-7.9	-5.3	-3.7	-6.5	-2	-5.4	-1.1	-4.8	-3.8	-2.2	-11.7	-4.9	-4.3	-5.4	-3.2	-5	-15.7	-3.9	-1.9	nan
27-Mar	nan	nan	nan	nan	-3.6	-1.6	-6.8	-3.2	-3.1	-1.1	-1.8	-7.1	-9.6	-5	-4.4	-4.4	-1	-5	-2.8	-1.7	-7.6	-8.3	-4.9	nan	-8.6	-2.1	-4.3	-8.5	-5.6	-5.5	-1.7	nan	-4.6	-4.3	-5.2	-7.5	-4.5	-7.5	-2	-6.9	-4.9	-2.6	-7.7	-4.3	-4	-3.9	-4.4	-3.4	-10.8	-5.6	-2.8	nan
28-Mar	nan	nan	nan	nan	-3.2	-1.2	-4.4	-8.7	-2.1	-1.5	-2.8	-7.2	-6.5	-6.3	-5.2	-3.8	-1	-6.9	-3.1	-2	-6.7	-9.8	-2.3	nan	-9.6	-3.4	-5.2	-9.2	-3.9	-2.5	-1.8	nan	-3.6	-5.1	-6.2	-6.5	-5.1	-8.7	-1.7	-7.3	-5.4	-3.2	-8.6	-7.1	-9	-3.2	-3.9	-1.7	-6.6	-5.3	-2.8	nan
29-Mar	nan	nan	nan	nan	-2.6	-2	-3.3	-11.3	-2	-1.3	-5.3	-9.3	-3.4	-3.7	-5.8	-5	-1.5	-6.9	-2.2	-2.6	-5.9	-14.5	-1.4	nan	-9	-2.1	-4.1	-10.3	-2.4	-0.4	-1.1	nan	-3.8	-2.1	-5.3	-5.5	-5.2	-8.6	-5.7	-8.4	-9	-4.8	-8.4	-7.1	-6.8	-1.9	-2.2	-1.1	-4.5	-5	-2.1	nan
30-Mar	nan	nan	nan	nan	-1.8	-1.4	-3.9	-11.2	-2.8	-0.6	-6.1	-10.8	-5	-4.5	-4.9	-3.8	-0.1	-9	-0.8	-2.2	-7.6	-15.1	-3.5	nan	-4.8	-2.5	-5.1	-7.7	-1.8	0.6	1.3	nan	-3.6	-5.8	-6.6	-6.5	-5.8	-10.5	-8.9	-15.6	-8.2	-5.9	-6.8	-6.1	-6.6	-1.3	-2	-1.5	-2.5	-4.5	-2.6	nan
31-Mar	nan	nan	nan	nan	-1.4	-2.2	-6.3	-9.6	-2.6	-1.9	-5.1	-6.8	-6.8	-3.2	-4.2	-2.6	-2.3	-10.7	-1.2	-1.4	-13.4	-10.5	-3.6	nan	-2.4	-3.6	-3.2	-3.3	-2	-1	-0.5	nan	-4.8	-5.7	-5.9	-5.1	-7.4	-9	-9.2	-15.2	-3.5	-4.1	-1.4	-3.6	-9.1	-4.1	-3	-4.1	-3.7	-4.8	-2.9	nan
1-Apr	nan	nan	nan	nan	-1.6	-5	-6.9	-7.6	-3.3	-3.6	-7.3	-3.9	-4.3	-2.8	-2.1	-4	-2.5	-11.7	-1.7	-0.7	-17.9	-9.9	-1.9	nan	-0.1	-3	-6	-1.4	-3.2	0.4	0.6	nan	-4.7	-3.9	-4.5	-6.9	-6.8	-8.1	-7.4	-11	-7	-3.2	-2.2	-2.8	-9.1	-4.5	-4.3	-4.5	-5	-5.4	-3.3	nan
2-Apr	nan	nan	nan	nan	-1.4	-6	-6.3	-5	-2.9	-3.5	-9.7	-4.8	-0.9	-4.4	-2.8	-2.8	-3.6	-11.8	0.1	-1.4	-12.3	-6.5	0	nan	-0.9	-4.9	-4.2	-4.7	-2.8	0.6	-0.1	nan	-4.4	-5.1	-7.5	-2	-5	-8.4	-6.5	-3.5	-5	-5.7	-6	-2.3	-7.6	-2.4	-5.2	-3.8	-3.7	-5.2	-0.9	nan
3-Apr	nan	nan	nan	nan	0	-5.8	-4.6	-5	-2	-3.8	-7.8	-4.7	-1.4	-4.3	-2.2	-2.8	-2.8	-9.2	-2.8	-2.6	-8.1	-5.4	-0.5	nan	-2.7	-3.5	-3.5	-7.7	-2.3	1.5	-0.2	nan	-2.3	-3.2	-7.4	-2.5	-3.7	-6.8	-6.6	-1.9	-6.2	-5.1	-5.8	-2	-7.3	-1.6	-3.6	-4.1	-4.5	-5	-2.0	nan
4-Apr	nan	nan	nan	-1.5	-2.6	-8.6	-3.5	-5	-2.2	-3.7	-5.3	-4.8	-2.5	-3.7	-1.7	-2.6	-4.2	-3.1	-3.4	-1.2	-10.3	-7.4	-2	nan	-2.7	-2.3	-2.6	-7.1	-1.7	2.6	-1.2	nan	-4.1	-3.7	-6.2	-4	-5.2	-7.8	-5.2	-4.9	-5.8	-3.1	-5.3	-3.2	-6.5	-3.9	-2.3	-3.9	-4.9	-4.1	-2.8	nan
5-Apr	nan	nan	nan	-0.5	-3.6	-10.2	-5	-9	-3.9	-2.5	-4.5	-6.3	-2.8	-3.6	-2.2	-1.8	-3	-2.1	-3	-1.5	-8.9	-7.7	-3.6	nan	-2.6	-4.8	-1.7	-6.7	-1.8	2.1	-1.8	nan	-3.4	-4	-5.1	-3	-7.5	-4.2	-6.2	-2.7	-2.6	-1.7	-2.7	-5	-5.5	-4.4	-4.1	-2.7	-6.2	-3.3	-3.5	nan
6-Apr	nan	nan	nan	-3.4	-3	-6.8	-5.9	-7.3	-3.5	-2.8	-1.8	-6.7	-3	-4.9	-3.7	-0.6	-2.2	2.5	-3.7	-0.9	-5.2	-15.8	-2.3	nan	-2.3	0.2	-1.4	-3.4	-0.2	1.3	-0.1	nan	-1.4	-4.4	-6.8	-3	-5	-3.9	-6.2	-2.6	-3	-2.3	-0.9	-9.2	-5.8	-6.1	-6.8	-2.6	-5.4	-3.7	-1.8	nan
7-Apr	nan	nan	nan	-3.5	-2.8	-5.8	-6.6	-6.7	-2.2	-4.5	-1.8	-6.8	-2.6	-3	-1.9	-2.2	-2.8	-0.1	-3.6	-1.5	-3.2	-18.2	-1	nan	-2.3	2.1	-2.9	-4.7	0	-0.9	1.1	nan	-2.2	-2.5	-10.8	-4.5	-4.6	-5.5	-3.9	-1.5	-3.7	-1.2	-2.5	-9.9	-4.4	-8.7	-4.9	-5.1	-9.6	-4.4	-3.7	nan
8-Apr	nan	nan	nan	-8.7	-3.2	-4.8	-5.6	-9.9	-2.1	-4.4	-3.9	-5.1	-2.6	-2.1	-1.2	-3	-0.8	-1.9	-6.2	-3.8	-5.4	-14.8	-0.8	nan	-3.6	5.5	-3.7	-1.8	-1.3	-1.5	-0.2	nan	-1.7	-2.5	-8.9	-1.5	-4.1	-6.1	-3.2	-3.2	-3.8	-2.8	-2	-8	-4.7	-7.6	-3.5	-6.1	-11.1	-9	-4.0	nan
9-Apr	nan	nan	nan	-9.2	-2.2	-3.2	-5.4	-7.4	-2.9	-3.9	-2.8	-2.7	-4.1	-3.2	-1.8	-0.6	-1.2	-4.6	-4.5	-1	-10.8	-10.4	-0.8	nan	-3.5	4.7	-2.4	-2.6	-1.6	-2.1	-1.2	nan	-1.7	-2.1	-4.8	-3.7	-3.6	-6.3	-3.6	-2.8	-3	-2.4	-3	-8.9	-6	-4.8	-2.5	-4.9	-13	-9.4	-4.6	nan
10-Apr	nan	nan	nan	-9	-2.6	-7.2	-6.3	-9.2	-3.5	-2.2	-2.4	-4.8	-3.8	-3.7	-1.1	-2.4	-0.6	-5.7	-5.3	-2.4	-13.5	-8.5	0.5	nan	-1.4	1.4	-4.1	-2.3	-2.1	-1.3	0.3	nan	1.7	-3.3	-5	-4	-3.6	-8.4	-2	-2.8	-2	-3.2	-2.6	-9.7	-4.2	-4.2	-4.1	-1.4	-15.5	-5.9	-4.7	nan
11-Apr	nan	nan	nan	-6.3	-2.8	-8.2	-5.4	-6.1	-1.5	-0.2	-0.7	-3.8	-7.6	-4.2	-2.5	-1.6	1.5	-4.6	-6.1	1.1	-12	-6.4	0	-3.8	-1.4	1.3	-2.4	-9.1	-4.8	-2.6	2	nan	2.8	-1.9	-4	-4.5	-4.1	-8.4	3.1	-3.1	-0.7	-6.5	-3.6	-9.7	-4.3	-4	-4.3	0.7	-12.4	-5.1	-4.1	nan
12-Apr	nan	nan	nan	-4.5	-2.8	-4.2	-4.4	-5.9	-2.2	-4.3	-3	-3.9	-9.5	-2.3	-3.3	-2.2	-0.4	-6.5	-1.3	1.7	-11.9	-6.1	-2.3	nan	-1.4	4	-1.6	nan	-3	-3.1	-2.2	nan	0.2	-2.3	-3.4	-0.6	-4.4	-11.3	0.7	-0.2	-2	-4.9	-4.5	-8.6	-4.9	-3.3	-3.6	1.1	-11.3	-4	-6.3	nan
13-Apr	nan	nan	nan	-4	-2.4	-2.8	-4.8	-11.1	-2.5	-3.1	-1.8	-3.8	-11.4	0.3	-5.7	-4	-3	-7.6	-1	-1.9	-12	-4.3	-2.6	nan	-0.6	5.2	-2	nan	-1.3	-2.5	-1.2	nan	-1.2	-3.7	-6	-1.5	-4.8	-7.4	0.2	0	-0.4	-2.8	-3.1	-5.3	-5.6	-3.3	-3.3	-0.4	-8.8	-3.6	-6.3	nan
14-Apr	nan	nan	nan	-3	-3	-2.2	-3.9	-11.7	-2.4	-3	-1.9	-7.8	-6.2	-1.8	-3.7	-3.2	-3.2	-5.6	-1.4	0.6	-8.6	-3.8	-3	nan	1.5	3.2	-1.6	nan	-2	-2.9	-1.9	nan	-1.6	-2.3	-3.9	0.4	-4.1	-4.7	-1.5	0.2	-2.6	-4.4	-3	-3.1	-4	-1.2	-3.3	-0.8	-5.8	-2	-5.1	nan
15-Apr	nan	nan	nan	-2	-2.6	-1.6	-6.3	-11.9	-2.3	-2.9	-0.9	-5.6	-7	-2.1	-2.6	-4.6	-3	-5.5	-3.6	-1.9	-3.6	-4.2	-2.4	nan	-0.7	4.5	-1.8	-1.4	-1.3	-6.5	-3.4	nan	-2.5	-1.9	-3.1	0.9	-2.4	-6.5	-3	2	-1.8	-7.3	-3.1	-3.9	-3.8	-3.1	0.5	-1.4	-6.4	-1.7	-3.0	nan
16-Apr	nan	nan	nan	-1.5	0	-2.8	-3.5	-9.6	-1.3	-1.8	-2	-4.7	-6.8	-2	-3.7	-3.8	-2	-3.3	-2.4	-4.3	-4.8	-3.1	-3.8	nan	-1.1	2.4	-2.2	-2.4	-1.1	-12.2	-2.4	nan	-5.4	-1.8	-3.5	-0.9	-2.3	-5.5	-0.8	-1.2	-1.6	-6.5	-1.6	-8.8	-1.5	-5.4	0.7	0.5	-7.4	-1.2	-3.5	nan
17-Apr	nan	nan	nan	-3.3	-1.2	-2.4	-4.8	-5.5	-1.8	-2.8	-0.7	-2.8	-3.5	-2.6	-3.2	-3.6	-3	-4.1	-1.9	-2	-2.8	-3.3	-4.2	nan	-3	1.2	-1.8	-0.8	-0.6	-5.8	-0.9	nan	-5.3	-1.6	2.8	1.9	-3.5	-4.5	-2.4	-1.8	-2.3	-4.4	-2.4	-5.5	-0.1	-2.4	-0.3	0.2	-7.8	0.8	-4.0	nan
18-Apr	nan	nan	nan	-4.1	-0.6	-0.4	-3.9	-9.4	-1.9	-3	-8.4	-3.1	-4.8	-0.5	-2.6	-2.6	-2.5	-6.4	-4.1	-2.3	-3.9	-4.3	-5.1	nan	-2.6	1.1	0	-3.2	0	-0.5	-3.2	nan	-3.5	-0.9	1.2	-2.5	-2.9	-5	-1.1	-2.6	-2.5	-4.2	-3.1	-0.3	-2.1	-1.7	0.4	0.1	-5.3	-2.4	-0.6	nan
19-Apr	nan	nan	nan	-2.4	-0.2	-1	-5.2	-9.6	-2.4	-1.8	-9	-3.6	-4.2	0.9	-0.5	-0.8	-0.8	-3.5	-3.5	-2	-6	-2	-3.7	nan	0	0.7	-2.3	-1.5	-1.6	1	-0.9	nan	-3.3	-0.7	-0.5	-4	-1.3	-3.5	1.7	-2.4	-0.5	-4.3	-2.6	0.8	-2.7	-1.9	0.4	1.9	-2.6	1.3	-2.9	nan
20-Apr	nan	nan	nan	-3.2	-1	-2.8	-6.1	-4.7	-2.9	-2.4	-6.1	-3.6	-0.7	0.4	0.4	-2.6	0	-3	-3.1	-1.3	-5.1	-2	-0.8	nan	2.8	-0.6	-2.3	-1.5	-0.4	0.4	-0.9	nan	-3	1.2	-1.3	-5	-2.6	-3.5	-1	-1.8	-0.1	-4.2	-2.4	0.9	-1.6	-3	-3.1	1.7	-3.9	1.8	-5.0	nan
21-Apr	nan	nan	nan	-2.9	-1	-3	-5.6	-6.1	-0.9	0.8	-5.1	-4.6	1.1	0.7	1.4	-3	0	-4.2	-2.5	-2.9	-1.7	-2.8	-0.8	nan	1.7	1.6	-2.4	0.2	1.7	1.9	-1.2	nan	-1.9	1.9	-3.3	-1.5	-2.8	-5.5	-2	-2.5	-1	-3.8	0.7	2.3	0.8	-2.1	-2.8	-1.2	-4.4	3.1	nan	nan
22-Apr	nan	nan	nan	-0.3	-1.8	-4.2	-4.1	-6.4	-0.6	-1.1	-3.2	-4.1	2	nan	3	-3.2	1	-3.1	0.2	-5.2	-2.3	-3.9	-2.1	nan	0.4	3.6	-2.7	0.5	4	2.1	-0.5	nan	-0.5	1.3	-4.3	-3	-1.8	-3.1	-1.6	-2.4	-0.2	-2.7	0.3	3.3	2	-3.1	-2.7	-2.4	-1.1	2.1	-4.4	nan
23-Apr	nan	nan	nan	-0.5	-0.6	-3.2	-2.5	-5.2	-2	-1.9	-1.5	-2.3	3.7	nan	1.3	-3.8	4	-4.8	-0.1	-3.8	-2.1	-3.8	-1.4	nan	-1.2	2.9	-0.9	-0.4	5.8	0	1	nan	0.2	1.2	-1.1	-2.6	-1.7	-5.5	3.3	-2.6	2.6	-3	-1	6.2	-2.6	-2.2	-1.3	-3.1	-2.1	-2.1	-1.7	nan
24-Apr	nan	nan	nan	1.4	-0.4	-2.6	-4.6	-5.2	-2.4	0.1	-2.8	-2.6	1.1	nan	1	-2.4	2	-3.4	4	-2	-3.1	-3.4	0.6	nan	-1	1.2	0.9	0.5	6.4	4.5	0.3	nan	1.5	2.6	-1	-1.5	-1.5	-5	5.1	-1.9	3.2	-2.5	-1.7	2.3	-2.1	-2.1	-1.3	0.5	-1.6	-1	-2.4	nan
25-Apr	nan	nan	nan	0.3	-2	-3	-2.9	-4.9	-2.2	-0.8	-3.9	-6	1.7	nan	0.9	-2	0.5	-3.1	5.7	-1.9	-4.5	-3.7	-1.5	nan	-0.4	3.4	-1.1	2	3.7	6	0.1	nan	0	2.4	-3.4	-2.5	-2.3	-1.5	4.4	-0.8	7.4	-4.1	-2.2	-2.7	-2.1	-1.9	-0.8	3.3	-4.2	-5.8	-1.1	nan
26-Apr	nan	nan	nan	-2	-2.6	-2.4	1.4	-3.2	-3.3	-1.1	-3.7	-2.6	-4.2	nan	0.4	-1.8	0.5	-2.7	4.5	-2.5	-3.3	-3.3	-2	nan	3.1	5	-1	0.9	2.9	2.2	2.4	nan	0.9	3.2	-4.2	-0.6	-1.3	-3.7	9.1	-0.7	8.1	-2.6	0.5	-2.6	-1.2	-0.4	-1.8	3.1	-5.2	-1.6	1.2	nan
27-Apr	nan	nan	nan	0	-2	-2.8	0.5	-3.6	-3.7	0.5	-4.8	-1.5	-4.6	nan	2	-2	2	-2.1	3.4	-0.3	-0.9	-0.3	-0.1	nan	3	4.1	-2.1	-0.4	1.4	0.1	3.1	nan	-1.2	-0.1	-4.7	1.9	-1.5	0.7	6.9	-1.9	9.3	-3.6	-1.6	-2	1.4	2.4	-1.1	0.5	-4.5	1.7	-1.3	nan
28-Apr	nan	nan	nan	-0.3	-2.8	-1.2	-0.9	-1.8	-2.5	-0.2	-4.3	3.5	-3.4	nan	4	-0.8	4	-3	2.9	1.4	-1.1	2.8	-0.9	nan	0.2	4.9	-1.4	-1.9	0.5	0.3	1.6	nan	-2	-1	-3.4	0.9	-2.7	1.5	5.9	-1.1	11.1	-4	-0.8	-0.9	2.6	3.3	-0.4	-0.7	-4.3	0.9	nan	nan
29-Apr	nan	nan	nan	-1.8	-2.8	-1.4	-2.8	-2.9	-1.3	3.1	-2.8	6.4	-5.3	nan	1.9	-2	5	-3.5	2.4	1	-3.8	2.5	-0.8	nan	1.9	0.6	-2.1	-1.3	-0.7	0.6	6.8	nan	-1.1	0.4	-1.1	1.4	-0.9	-0.4	5.1	0.5	8	-1.7	-1.7	-0.3	4.7	-0.7	-2.7	0	-3.3	3.8	-1.3	nan
30-Apr	nan	nan	nan	-3.6	-3	-1.6	-3.2	-3.5	-1.1	5.2	-1.9	6.7	-2.5	nan	4.9	-1.2	6.2	-3.8	2.9	0.1	-3.2	0.8	-0.4	nan	4.9	0.5	-1.3	-1.3	-0.3	-0.9	8.1	nan	-1.2	-2.6	-2.1	-0.4	-0.4	2.3	6.4	6.3	7.3	-2.6	-2.2	-2.7	5.2	-1.8	-1.8	2.3	-3.8	6.3	-0.3	nan
1-May	nan	nan	nan	-2.5	-2.8	-1.8	-3.2	-2.7	-1	3.1	-0.8	3.6	-1.9	nan	0.5	-1.4	1.6	-3.1	3.8	-0.4	-3	1.1	0.9	nan	7.3	0.4	-1.4	-1.7	0.4	0.1	7.9	nan	-1.1	-0.4	-4.9	0.3	-4.4	-1.7	6.6	2.8	3.1	-3.6	-0.9	-2.1	7.3	-1.7	-1.3	-3.1	-1.8	10.5	0.6	nan
2-May	nan	nan	nan	-1.9	-2	-0.6	-2.5	-2.9	-0.6	0.8	1.4	-0.3	-0.4	nan	0.4	-1.2	2	-1.6	-1.3	-1.6	-0.4	2.4	0	nan	7.7	-0.5	-2.1	-1.8	0.7	0.3	7	nan	0.3	1.6	-5.6	0.7	-3.8	-2.2	5.5	1.3	3.9	-2.4	-0.6	-1.2	10.7	-1.1	-0.1	-4.6	-0.7	11.7	0.2	nan
3-May	nan	nan	nan	-0.4	-2.8	-1.6	-3.5	-2.1	-1	0.2	-1.9	-0.8	2.4	nan	1	-2.2	1.3	-1.6	-1	-2.4	-0.8	-2	1.3	nan	2.1	0.6	-1.2	-3.4	0.2	-0.1	2.3	nan	3.4	-0.3	-4.7	2	-4.7	-1.4	3.2	6	2.7	-1.8	0.5	-2.6	9.7	2.6	-2.2	-3.7	-0.8	11.8	2.4	nan
4-May	nan	nan	nan	-2.8	-2	-1.8	-4.4	-1.8	-1.6	0.4	-1.9	-0.4	3.2	nan	-0.3	1.6	1.5	-4.4	-1.4	-0.5	0.6	-0.4	3.2	nan	0.6	1.2	0.4	-4.3	-0.8	-2.1	2	nan	5.8	0.9	-2.1	2	-7.2	-1.7	0.2	9.9	0.6	-0.4	1.7	-2.3	4.9	3.9	-1.3	-3.1	-1.4	8.2	2.8	nan
5-May	nan	nan	nan	-2	-0.8	-1.2	-2	1.2	-1.3	0.1	-3.2	-1.6	-0.9	nan	0.3	-0.6	3.5	-1.6	-1.5	0.3	1.1	0.5	0.8	nan	-0.5	2.6	0.9	-4	-0.2	-0.8	-0.7	nan	4.7	-0.7	-2.4	2.8	-5.7	-1.7	-0.8	11.3	0.2	-1.9	-0.9	-1.4	4.3	3.2	-0.3	-2.1	-0.8	3.3	0.9	nan
6-May	nan	nan	nan	-2.5	-3	-2.8	-2	2.1	-2.9	2.2	-3.1	-2.6	0.7	nan	1.9	-0.8	11.1	1.4	-0.4	-0.8	1.8	-0.6	0.6	nan	0	2.2	0.9	-4.1	-0.3	0.9	-1.1	nan	4.9	0.6	-1.3	0.7	-3	-2.2	-0.5	10.3	2.6	-1.5	2.8	-1.9	0.4	nan	1.2	-1.2	-1	2.1	-0.2	nan
7-May	nan	nan	nan	-2	-2.4	-1.8	-4.2	2.8	-2	1.9	-3.7	-2.1	0.1	nan	0.8	-1	13.7	-0.3	3.3	2.7	-0.6	-0.9	1.3	nan	0.6	1.1	-1.5	-2.6	0.8	0.1	0	nan	0.7	0.8	-0.7	-1.7	0.6	-1.7	1.3	8.8	5.7	-0.4	0.1	-1.6	0.4	-0.3	0.4	0.3	-2.5	4.2	0.3	nan
8-May	nan	nan	nan	0.4	0.2	1.4	-3.7	7.7	0	0.2	-0.5	-2.6	-0.3	nan	-0.9	0	11.6	0.1	4.5	4.9	-3.1	-1.9	1.1	nan	3.1	2	-2.1	-1.8	0.6	-0.8	2.5	nan	1.7	-1.1	-3.6	3.2	-0.7	-2.2	1.8	4.4	8	-3	-0.1	-1.5	2.6	0.4	-0.8	0.1	0.4	6	1.6	nan
9-May	nan	nan	nan	1.7	1.2	4.2	-4.2	3.6	-0.3	0.5	3	-1.6	-1	nan	-0.4	-0.4	8	-0.3	1.4	6.6	-4.1	-2.1	0	nan	3	2.8	-2.1	-1.5	1.3	0.9	6.9	nan	0.7	-0.8	-3.6	2.4	-3.3	-2.6	-0.2	3.1	8.1	-2.2	-0.5	-1.3	0.8	1.9	-0.3	-2.2	3.2	9	0.3	nan
10-May	nan	nan	nan	2	0.6	5.4	-2.5	-0.5	-0.9	1.3	4.8	-0.5	-0.6	nan	0.5	-1.2	3	0	0.2	5.1	-3.5	-1.7	1.8	nan	3	3.6	-1.8	-2.6	-0.5	1.3	5.9	nan	-0.1	0.6	-1.8	2	-2.9	-2.1	0.4	5	7.5	-1	0.5	3	4	-1.2	1.9	-2.6	2.9	9.5	-0.3	nan
11-May	nan	nan	nan	6.4	0	6	-0.9	0.5	-0.9	1.8	2.5	-0.5	-2.4	nan	0.7	-0.6	3	-0.9	1.3	3.6	-4.1	-0.4	3.6	nan	-0.8	3.8	-1.5	-1.6	-0.6	3.3	6.8	nan	0.7	-1	1	2.8	-1.5	-0.9	0.1	3.1	6.8	0.2	0.2	0.1	7.5	-2	-0.2	-3.1	2.2	9.4	0.5	nan
12-May	nan	nan	nan	10	1.2	5.8	0.3	0.8	0.7	-2	1.3	-1.1	1	nan	0.2	-0.2	3	-1	1.8	2	-2.2	3	4.3	nan	-0.4	4.8	-0.7	-1.1	-0.1	1.3	6.1	nan	0.4	-0.5	1.9	5.2	0.6	2.4	0.1	4.3	3.2	-0.2	-1.2	-1.7	7.4	-1.2	2.2	-2.9	1.3	10.5	4.4	nan
13-May	nan	nan	nan	8	4.4	3.2	-2.5	1	2	-1.3	-0.8	-2.6	2.5	nan	1.2	-0.2	4	-1.4	2.7	2.9	-1.9	1.6	2.9	nan	0.7	4.1	nan	nan	4.6	2.7	1.8	nan	0.7	0.6	2.7	2.7	2.1	2	-1.2	5.4	3.4	2.4	-1.4	-1.2	6	-1.9	3	-3.6	-0.5	11.1	4.8	nan
14-May	nan	nan	nan	6.2	3	0.8	-3	0	3.3	0.5	1.2	-2.6	1.6	nan	0.6	-0.6	4.8	-0.4	2.8	2.3	-3.6	-1.7	3.4	nan	-0.8	3.5	0.1	1.7	8.3	2.5	2.9	nan	-0.6	2.4	8	-0.4	1.9	2	0.1	2.5	1.9	2.1	-1.1	-2.3	2.4	-2	-0.2	-2.9	-2.6	9.8	2.6	nan
15-May	nan	nan	nan	2.2	0.8	0	-2.1	-0.3	0.7	2.4	0.3	-0.9	1.2	nan	0	-0.6	6.4	-0.6	1.3	1.5	-1.3	-2.4	2.4	nan	0	4	0.8	-2.3	8.4	3.7	1.5	nan	0.4	1.1	9	-0.6	0.4	0.7	1.1	NaN	1.3	-0.6	0.9	-0.7	nan	-1.1	-0.5	1.9	-2.6	11.6	0.8	nan
16-May	nan	nan	nan	1.8	1	0.8	-7.9	0	0.5	4.6	-0.8	-0.5	0.6	nan	-1.1	-0.8	7	0.7	0.2	2	-0.2	-1	3.1	nan	3.9	2.5	0.7	-3	7.3	6.4	0.5	nan	2.4	1.9	8.5	-0.1	-0.2	2.8	1.6	NaN	2.2	0.3	2.4	-0.2	2.3	-1.6	-0.5	2.3	-1.8	13.3	2.3	nan
17-May	nan	nan	nan	6.3	3	-0.6	-3.2	-2.7	0.2	0.4	-0.5	0.4	0.1	nan	-0.8	-1.8	4.5	1	1.5	1.5	-1.4	0.6	1.6	nan	2.1	3.7	0.1	0.7	6.1	1.7	2	nan	0.7	1.1	5.2	0.9	1.3	9.4	-0.4	NaN	2.3	-0.3	0.2	1.4	5.5	-0.1	-0.2	2.3	-2.5	12.8	3.2	nan
18-May	nan	nan	nan	5.4	9	-0.4	0.3	-1.8	0.3	2	2.4	-1.4	0.3	nan	0.7	-1.6	4.3	-0.6	0.3	1.5	-1.8	-1	0.8	nan	-0.4	3	-0.5	3.3	5.6	1.2	2.1	nan	2.6	0	2.8	0	0.2	10.9	-0.4	NaN	4.3	0.6	1.6	-0.2	5.8	3	0.9	-0.9	-5.2	7.7	3.6	nan
19-May	nan	nan	nan	8.5	6.8	0.2	-0.7	0.1	0.4	4.3	-0.7	-1.9	0.8	nan	0.7	0	2.5	-0.4	2.3	4.4	0.3	2.2	1.7	nan	3.3	4.5	1.9	3.9	9.9	1.4	1.9	nan	3.5	0	2.4	-0.6	2.9	11.4	0.8	NaN	8.5	2.3	3.8	1.1	4.3	4.4	-0.2	-0.6	-3.3	5	1.6	nan
20-May	nan	nan	nan	12.2	1.6	1	-2.1	-1.1	-1.3	1.3	-0.5	-0.6	-0.7	nan	0.5	0.4	2	-2	7.2	5.2	0.6	3.6	1.7	nan	6.9	7.2	4.7	5.8	10.8	1	2.5	nan	7.1	-0.3	3.2	-1.7	-0.6	11.7	3.4	NaN	4.4	-1	5.7	4.8	3.3	2.7	-0.2	0.7	-0.5	6.5	3.0	nan
21-May	nan	nan	nan	9.5	2.4	1.8	-1.8	-2.3	-0.5	5.4	0.4	-0.1	0.8	nan	-0.1	0.2	2.2	0.5	2.4	2	5.1	4.4	2.2	nan	3.1	0.6	7.6	5.8	5.7	0.2	2.1	nan	12	0.6	2.4	0	-0.9	11.5	5.2	NaN	3.9	3.7	4.8	4.4	1	5.3	1	3.7	0.6	6.7	6.5	nan
22-May	nan	nan	nan	4	3.2	0.8	-0.4	-0.2	-1.2	8.5	0.3	1.8	1.1	nan	0.2	1.4	2.7	2.7	1.6	2.6	6.9	2.2	-0.1	nan	4	1.8	10.8	6.9	4	1	2.9	nan	9.3	2	1.2	0.7	-0.1	4.3	4.9	NaN	4.7	7.4	2.3	1.2	0.5	1.9	1.3	3.8	1.9	7.1	8.2	nan
23-May	nan	nan	nan	3.8	6	-0.2	0	-1.3	1.2	8.8	3.5	-0.5	0.9	nan	1.1	-0.4	3.8	0	-0.4	4.2	9.5	4.3	1.4	nan	1.5	2	10.4	5.7	4.1	0.8	1.9	nan	7	1.2	1.5	-0.7	1	4	4.6	NaN	6.3	10.3	1.6	0.3	0.5	2.8	1.5	6.6	3	7.7	4.1	nan
24-May	nan	nan	nan	2	11.2	0.6	2.4	-0.9	1.6	10	0.6	-0.1	-0.8	nan	1.1	-0.4	5.6	2.1	0.1	2.5	6.4	8.6	1.8	nan	1.5	2.2	11.2	5.9	4	0.6	2.8	nan	8.9	3.1	2.8	-0.1	0.1	7.3	3.6	NaN	4.4	11	3.4	0.2	3.2	4.4	3.7	3	5.4	4.2	3.3	nan
25-May	nan	nan	nan	3.5	9.4	3.2	-1.6	-0.1	0.8	11.3	-0.3	1.7	2.6	nan	4.3	1.2	8.7	3.4	2.3	2.1	4.9	4.3	0.2	nan	3.8	3.8	5.4	4.5	3.1	3.2	3	nan	9.6	5.7	-0.1	1.4	-0.3	9.7	4.2	NaN	4.5	12.6	4.3	2	6.9	5.9	4.9	1	4	4.6	3.2	nan
26-May	nan	nan	nan	4.2	7.4	4	-0.9	1.9	-0.8	6.4	1.1	2.7	3.8	nan	9.5	0.4	9.8	0.5	1.1	1	7.4	5.3	1	nan	3.4	6.6	1.5	3.4	2.9	2.2	0.9	nan	8.4	3.6	-0.1	2.4	-0.2	5.5	2.7	NaN	3	14	2.9	2.4	9.1	10.8	8.7	0.8	3.3	4.5	3.9	nan
27-May	nan	nan	nan	3.2	0.6	2.2	-1.1	1.3	-0.3	3.1	1.5	2.5	3.7	nan	10.8	1	5.4	0.2	1.3	0.5	7.4	4.8	0.8	4.9	1.3	6.5	0.8	3.4	5.6	2.5	2.1	nan	8.1	5.1	-0.9	3.9	6.2	2.8	1.7	NaN	3	13.7	1.2	4.7	2	10.6	11.5	1.5	9.4	3.4	7.0	nan
28-May	nan	nan	nan	2.2	1.2	2	-1.6	0.1	-0.5	8.3	2.2	0.8	3.6	nan	8.4	0.4	5.2	1.2	4	4.6	1.9	5.5	-0.1	2.1	2.9	5.6	0.8	4.5	8.7	4.4	0.7	nan	7.3	4.7	-1.7	5.2	8.8	3.4	3.6	NaN	2.9	10.8	0.3	6.4	0.1	9.2	5	1.1	13.8	4.1	10.4	nan
29-May	nan	nan	nan	3.5	3.4	2.2	-1.4	4.1	1.6	10.2	2	3.2	1.6	nan	2.2	-0.4	8.1	3.3	5.4	5.4	0.2	7.6	2	2	3.3	5.3	1.1	4.6	13.5	6.6	0.9	nan	5	7.6	-0.1	5.9	3.5	4.1	4.9	NaN	3.3	7.7	0.6	7.1	0.5	9.9	7.9	0.4	11.6	4	11.2	nan
30-May	nan	nan	nan	2.3	1	1.6	-0.9	6.4	3	8.5	2.8	4.5	3.1	nan	3	0.4	7.1	6.4	6.6	1.1	-0.7	2.8	8.5	2.7	3.1	6.5	0.1	3.6	14.5	2.6	1.9	13.7	1.6	3.7	-0.1	3.2	4.1	2.5	3.7	NaN	2.8	5.9	1.6	4.7	0.7	8.4	9.6	0.9	4.7	3.7	12.9	nan
31-May	nan	nan	nan	1.8	0.2	1.8	-0.9	3.4	0.7	4.8	4.6	6.7	5.6	nan	4.1	1.6	4	7.9	2.4	2.6	-1.3	2.1	6.8	1.2	1.8	7.8	2.1	6.7	12.8	4.6	2.4	12	3.2	2.8	7.5	2.4	6.1	2.7	1.9	NaN	2.8	2.7	0.6	1.8	1.9	8.4	5.3	0.6	2.9	1.6	11.1	nan
1-Jun	nan	nan	1.4	4	2.2	1.2	-2.1	2.4	0.4	4.1	3.2	8	7.7	nan	4.2	4.2	4	9.6	2.3	7.2	-0.4	0.9	4.2	2.5	1.8	6.3	1.3	5.1	11.9	8	1.8	12.6	5	1.8	4.9	4.5	6.7	2.6	1.3	NaN	2.2	5.4	1.8	1.2	3.6	4.2	4	3.3	2.9	1.5	4.6	nan
2-Jun	nan	nan	2.2	5	6	2.8	-0.9	-0.5	0.9	3.4	1	6.5	8.9	nan	2.5	5	3.2	7.6	3.4	9.3	2	1.1	3.5	4.5	1.5	8.1	2.1	3.5	6.4	4.1	2.8	6.1	7.1	3.9	0.9	5.2	9.2	2.4	2.7	NaN	3.6	7.8	3	1.2	8.6	7.9	5.6	3.3	1.8	5.7	4.0	nan
3-Jun	nan	nan	2.1	2.2	5.2	3	1	-0.5	-0.4	2.7	2.9	3.4	5.9	nan	2.1	8.8	2.7	5.9	1.9	9.7	3.9	1.1	3.7	8.3	3.3	10.9	1.8	2.6	6.8	5.2	3.1	10.8	10.1	5.6	2.5	6.6	2.4	2.4	3.8	NaN	6.6	9.1	5	1.8	10.8	3.2	2.1	1.3	1.9	8.6	1.8	nan
4-Jun	nan	nan	2	2.3	3	2	5	-0.5	1.6	2.4	1.3	3.6	1.9	nan	2.7	9.2	3	4.4	3.4	10	2	1.5	5.1	11.9	3	nan	1.6	2.6	8.2	7.5	3.5	10.5	12.6	4.1	2.5	9.3	2.8	2.2	3.8	NaN	9	6.6	5.9	0.4	8.7	3.9	2.1	2.1	1.5	9.3	2.1	nan
5-Jun	nan	nan	1.9	3.5	1	3.2	7.6	-0.1	1.8	2.6	2.7	1.7	2.4	nan	4.3	10.6	3.4	2.1	6.6	8.8	1	3	7.1	6.9	5.5	10.6	2.9	3.7	5.3	5.8	3.5	6.6	5.8	4.7	5.3	10.4	4.3	2.5	3.8	NaN	7.3	6	2.3	0.9	6.2	2.6	1.7	6.7	2	5.7	1.5	nan
6-Jun	nan	nan	3	2.2	2.8	9	8.4	0.8	1.8	4	1.6	1.8	3.4	nan	3.1	10.4	3.9	2.1	9.1	3.3	1.4	3.4	2.2	4	6	11.6	2.3	7.4	3	4.9	2	10.1	4	4.8	6.9	7.5	2.3	3	2.5	NaN	5.5	5.2	1.7	1.5	7.9	3.6	5	3.2	6.2	4.6	1.9	nan
7-Jun	nan	nan	2.5	0.5	2.6	8.2	5.6	4	3.2	2.4	2.2	4.5	3.6	nan	2.8	6.2	4.2	3.4	7.9	4	0.6	2	2.3	6.4	6.2	9	3.3	10.1	2.4	3.8	1.9	7.6	3	6	8.9	3	2.6	4.2	3.5	NaN	3.4	2.9	-0.1	0.9	11.7	4.7	2.6	5.9	7.2	4.4	4.0	nan
8-Jun	nan	nan	4.3	1.5	3	1.2	3.6	3.8	2.4	6.2	0.6	6.6	4.6	nan	3.5	6.6	2.7	4.1	8.4	6.3	1.4	1.1	1.5	7.2	3	6.4	3.3	9.6	3	3.8	3.4	3.8	2.8	3.7	6.5	3.1	5.5	1.5	4	NaN	3.6	2.5	-0.3	4.4	8.9	3.4	2.7	4.2	11.2	5.9	1.7	nan
9-Jun	nan	nan	4.5	5.3	3.6	2.8	4	0.5	1.8	8.6	0.9	3.8	4.4	nan	10	7.8	3.3	5.2	6.4	5.6	1.5	2.2	0.7	7.5	2.1	5.8	3	13.6	5.8	5.6	7.4	4	3.5	2.2	5.3	5.7	8.2	1.5	6.9	NaN	4.6	3	5.5	6.2	9.4	3.6	2.9	3	12.1	5.2	2.0	nan
10-Jun	nan	nan	6.8	7.8	4.4	3.2	5.2	3.4	2	11.4	1.3	5.3	5.3	nan	10	4.6	5	2.6	4.3	6.9	2	1.7	0.3	6.2	2.3	4.3	6.6	15.1	8.5	5.5	16.6	2.9	4.5	3.1	5.3	3.6	9.1	2.3	7.5	NaN	6.4	4.2	12.2	2.7	10.5	3.6	3	4.1	12.6	2.9	2.1	nan
11-Jun	nan	nan	9.2	4.5	5	1.4	4.6	6.5	5.2	9.4	0.6	10.9	5.1	nan	7.7	2.6	7.4	1.1	3.4	8.3	2.1	2.1	2.7	7.1	4.4	7.4	7.5	13.2	6.1	8.7	16.3	1	6.6	1.9	4.5	4.1	5	1.7	6.9	NaN	4.4	3.3	7.8	2	4.7	0.9	2.9	2.8	11.2	4.3	4.7	nan
12-Jun	nan	nan	4.8	5	7	1.2	3.4	4.1	8	4.8	1	6.4	6.4	nan	7.9	2.6	8.3	1.5	2.8	7.9	2.8	4.7	2.8	5.9	4.7	9.1	9.6	10.5	7.3	7.6	12.8	2.4	4.5	3.8	6.1	5	3.1	2.6	11.2	NaN	5.9	4.6	3.7	3.6	3.6	3.5	3.4	1.4	10.2	4.5	8.2	nan
13-Jun	nan	nan	3.8	4.5	14.6	2	4.2	5.4	7.4	4.4	2.4	3.9	7.2	nan	7	3	8.3	2.8	4.9	4	2.2	9.8	4	6.5	5.8	5	7	8.5	7.8	12.1	7.8	3.5	3.3	2.8	6.9	3.4	4.9	3	11.1	NaN	8.4	5.7	4.8	4.3	4.9	4.9	3.8	1.6	7.9	3.6	12.6	nan
14-Jun	nan	nan	4.6	3.8	16	2.6	3.2	7	6.2	4.2	3.4	4.5	6.6	nan	8.8	4.8	7.6	3.2	4.2	5.3	2.2	10.9	4.2	5.7	4.7	4.6	11.3	10.8	8.4	16.9	5.4	2.1	2.5	5.8	8.5	3.6	7.4	9.6	5.2	NaN	10.9	9.2	7.3	3.9	4	3.4	3	2.3	10.4	5.6	15.2	nan
15-Jun	nan	nan	7.2	4	13	1.2	2.6	6.1	3.8	3.9	6.3	5.6	5.2	nan	8.4	4.6	5.8	3.7	5.6	3.3	2.2	nan	3.8	4.8	2.7	4.8	12	5.1	9.4	15.9	3.3	8.4	2.4	9.2	6.1	2.3	10.1	13.2	4.6	NaN	11.4	7.4	10	5	7.4	2.3	1.2	2.4	14.1	6.3	16.8	nan
16-Jun	nan	nan	7.1	4	6.8	3.2	1.6	3.4	6.4	2.4	7.2	3.5	4.9	nan	3.8	6.4	10.4	3.7	6.3	2.8	2.1	nan	1.5	3.8	2.6	3.9	6	5	6.2	9.5	6	11.9	3.4	6.2	6.1	4.2	11.3	12.3	5.3	NaN	13.2	7	12.2	6	5.4	1.8	3.3	5.9	16.9	4	16.9	nan
17-Jun	nan	nan	9.1	3.8	5.6	4	1.6	1.5	8.4	3.3	4.5	2.7	4.8	nan	5	2.8	11.2	4.4	10.3	7.2	0.8	nan	1.5	6.3	8.1	3.5	3.7	3.2	5.4	11.5	9.6	10.3	9.1	10.7	7.3	4.9	9.4	13	7.3	NaN	14.6	5.8	5	8.9	4	2.3	6.9	8.4	18.8	3.7	15.7	nan
18-Jun	nan	nan	7.9	7	4.2	1.8	2.6	1.4	4.8	2.3	5.5	3.6	3.4	nan	8	2.6	9.2	4.4	12.4	9.4	2.5	nan	1.7	5.3	11	4.7	3.1	3.8	6.8	7.5	9.4	6.7	10.5	11	4	2.4	5.2	10.1	7	NaN	8	4.5	5	7.9	4	2.9	7.3	8.5	10.5	4.3	12.4	nan
19-Jun	nan	nan	9.5	7.8	5	2.6	3.6	3.4	5	4.1	2.3	4.1	5.4	nan	6.5	3.6	10.9	4.4	8	11.1	2	nan	2.2	3.4	7.3	4.4	7.7	4.1	8.9	6.1	5.2	4.2	3.4	5.7	4.1	2	7.3	4	5.5	NaN	6.1	3.5	10.2	4.4	4.8	2.7	4.4	6.8	7.8	5.9	7.2	nan
20-Jun	nan	nan	7.1	4	7	2.8	7.6	3.1	4.4	7	2.9	5.2	5.4	nan	5.1	2.2	10.4	3.7	6.5	10.4	1.1	nan	5.7	3.4	4	3.8	13.4	7.3	7.5	5.7	4.2	4.9	5.5	2.9	3.7	1.8	8.5	4.2	6.1	NaN	7.3	3.3	15.1	3.9	3.6	6	4.5	6.4	7.6	8.5	7.8	nan
21-Jun	nan	nan	6.1	2.5	5.8	4.2	4.6	3.4	7	4.3	4.7	3.8	4.3	nan	7.8	3.6	8.6	3.3	7.2	10	3.4	nan	7.7	7	4.9	4.7	15.6	5.2	7.2	5	5.1	9.2	9.5	5.4	2.1	4.5	7.6	3.8	4.1	NaN	10	6	12.6	7.7	2.5	8.2	7.3	11.7	5.5	4.4	7.1	nan
22-Jun	nan	nan	10.6	4	6	4.2	6	3.8	4.2	10.1	2.6	3.7	5.2	nan	11	6	8.8	4	9.6	11.4	8	nan	3	6.6	5	8	13	4.2	6.9	6.8	8.2	13.5	11.9	6.8	2.1	5.5	10.6	6.3	6.7	NaN	5.5	3.4	5.4	3.7	2.9	7.4	6.8	13.4	7	6.9	9.8	nan
23-Jun	nan	nan	10.6	3.2	7.6	5.6	12.4	2.6	7.4	10.8	2.6	7.5	6	nan	11.1	6.8	11.2	7.9	7.4	7	4.8	nan	1.8	5.2	5.6	5.9	9	5.7	7.1	8.6	3.4	14.6	14.8	9.1	5.3	6.9	14.5	5.4	4.7	NaN	7.6	3.2	4.1	4.5	1.9	7.2	7.9	11.9	6.8	5.6	7.0	nan
24-Jun	nan	nan	5.6	3.8	9	3	8.6	4.9	5.8	4.2	3.3	11.3	8.1	nan	5.5	4.8	8.2	12.6	9.1	5.6	1.4	nan	3.3	5.3	5.2	9.8	6.5	3.2	8.9	6	4.8	6	13.7	10.6	4.9	6.7	9.8	5.5	3.5	NaN	10.2	5.4	3.6	3.3	2.5	7.8	9	5.8	12.5	7.5	10.4	nan
25-Jun	nan	nan	6	4.3	11.4	4.4	12.4	3.6	3.4	4.4	5.1	11.8	7.2	nan	3.6	4.6	7.4	14.3	9.5	5.9	3	nan	2.7	8.1	9.6	9.3	7	4.4	7.1	3.8	4.4	5.2	13.9	11.1	5.3	5	10.6	3.7	3.1	NaN	9.8	4.6	4.1	3.1	3.4	5.7	5.6	4.5	15.9	4.3	8.9	nan
26-Jun	nan	nan	6.4	5	14.2	4.2	9.6	2.1	3.6	6.3	6.7	13.6	8.1	nan	3.2	7	6	14.6	6.1	6	5.5	nan	3.5	4.8	11.1	8.8	10.1	3.6	7.2	4.1	5.3	3.5	16.7	11.1	4.5	7.5	13.1	2.7	3.4	NaN	11.6	4	8	3.1	3.3	5.6	6.4	3.8	11.3	4.8	6.5	nan
27-Jun	nan	nan	5.6	8.2	16.8	4	6	3.4	4.6	9.3	10.6	6.6	7.8	nan	3	9.2	5.7	8.5	6.8	7	11.8	nan	3.8	3.7	12.7	11.5	8.1	5	6.2	3.3	4.3	3.1	17.8	7	5.7	8.3	13.8	3.2	3.8	NaN	10.1	7.9	10.6	3.3	7.3	5.1	4.5	3.4	9.5	8.1	5.3	nan
28-Jun	nan	nan	5.7	14	13.8	3.4	5.6	3.8	7.2	8.3	11.8	10.5	9.3	nan	2.5	4.8	4.6	3.7	6.9	9.5	10.5	nan	4.8	6.1	14.5	15.4	11.1	9.2	6.9	5.3	5.5	3.3	15.5	7	6.1	7.3	12.5	7.8	9	NaN	12.5	11.8	12.4	2.6	9.3	5.9	5.8	4.7	7.8	9.5	5.5	nan
29-Jun	nan	nan	4.3	14.5	13	4	3.6	3.6	5.4	10.6	6.3	13.7	7.4	nan	6.1	4.2	6.2	2.6	6.9	5.9	14.8	nan	6.5	5.8	11.4	15.9	10.8	8.2	6.6	9.2	5.7	5.4	15.7	9.1	4.1	7	7.3	11.2	12.8	NaN	11.4	6.2	10.8	3.1	8.6	4.8	7.7	7.2	8.4	9.8	5.7	nan
30-Jun	nan	nan	2.9	11	8.2	6.2	2	4.3	3	13.5	5.4	11.6	9.6	nan	8.3	4	7.2	3.8	8.4	5.5	15.7	nan	5.4	6.3	11.6	14.9	9.6	9.5	6.2	12.5	5.4	9.2	14.1	12.3	7.7	9.2	7	9.5	14.1	9.7	10.1	4.3	8.9	5.5	9.4	5.2	5.4	6	6.4	6.5	4.4	nan
1-Jul	nan	nan	2.9	6	9.4	8.8	2.4	4.6	3.6	12.9	5.6	5.8	12.3	nan	10.4	6.4	4.2	2.7	8	6	7.9	nan	4.4	8.5	16.6	9.3	7.6	13.6	6.7	13.3	5.9	9.2	9.1	7.4	8.9	8.7	9.5	6.3	10.3	7.9	8	9.2	6	7.4	10.2	4.3	4.9	6.5	4.9	9.6	6.1	nan
2-Jul	nan	nan	8.5	5.6	13	5.4	2.4	5.4	6.4	10.2	7	5.6	10.3	nan	14.9	7.4	5	1.7	8.7	6.2	5.8	nan	5.9	7.8	15.5	9.9	11.5	15.2	4.1	6.3	9.2	12.4	9.4	6.2	13.7	6.3	8.7	7.9	7.8	5.2	8.5	10.7	7.4	9.1	8.1	3.9	5.4	5.7	4.7	12.8	8.9	nan
3-Jul	nan	nan	9.2	6.2	9.2	6.6	3.6	10.2	5	7.7	6	5.4	7.3	nan	7	5.4	6	3	10.8	8	5.7	nan	5.6	9.1	10.3	14.3	7.9	14.2	5.2	8.1	7.2	14.7	11.5	8	18.7	7.7	6.1	5.7	8.5	8.6	7.8	7.5	6.8	7.5	12.1	4.2	6.7	3.6	4.3	13.8	8.9	nan
4-Jul	nan	nan	6.2	10	6.8	4.2	10	15.1	7.8	6.5	4.6	4	6.1	nan	12.4	8.8	6.5	3.4	10.3	14.2	7.7	nan	7	7.5	12.9	11.6	6.4	10	4.7	4.9	10.6	9.6	9.3	8.9	19.4	6.9	5.4	7.8	11.9	8.1	8.2	7.1	7.5	7.9	14.9	5.8	6.3	3.9	4.6	14.3	6.4	nan
5-Jul	nan	nan	5	10.2	6.8	3	12.6	16.7	9.2	5.4	9	5.5	5.1	nan	7	8.2	9.5	4.4	10.1	16.8	11.3	nan	6.6	6.9	10.8	11.2	6.9	7.4	5.8	5.7	12.9	5.9	11.6	7.9	14.3	5.4	4	6.5	8	7.1	11.2	7.6	5.9	9.6	17.1	4.4	8.4	3.9	5.1	8.1	10.8	nan
6-Jul	nan	nan	4.2	8.5	7.6	3.8	12.8	17.1	11.8	5.8	13.5	9.8	5.8	nan	6.2	7	7.2	7.3	8.3	16.2	13.6	nan	6.2	5.8	9.3	9.1	6.7	6.3	6.5	6.5	11.6	5.5	13.2	5.7	8.1	9.1	5	5.8	11	13.4	12.4	7.6	7.3	8.5	17.8	4.2	8.4	4.7	6	7.6	10.6	nan
7-Jul	nan	nan	8.6	9.9	7.2	6.8	13.4	17.1	10.8	5.7	14.9	13.4	7.5	nan	7.6	7	7.2	13.1	7.5	14.6	5.8	nan	5.3	6.2	12.5	6.6	7	5.2	9.6	11.3	6.1	6.3	10.8	5.9	7.8	9.7	5.3	7.4	13.6	17	11.1	6.2	8	4.3	19.4	5.6	5.8	3.8	5	6.7	8.3	nan
8-Jul	nan	nan	4.4	7.3	6.8	5.6	12.4	17.4	5	6.9	14.6	15	9.9	nan	6.7	6	6	8.4	5.5	8.1	7.4	nan	6.6	8.1	12.8	5.9	7.3	6.1	12.3	11.6	9	7.7	11.3	6.8	8.4	7.1	4.8	7.1	16.5	17	12.1	7	8	4.4	18.7	5	4.8	3	5.4	8.8	7.0	nan
9-Jul	nan	nan	10.3	6.8	8.4	4	15.6	15.3	6	6.5	15.5	13.7	12.8	nan	7.5	6.4	5.9	6.1	5.4	7.4	9.4	nan	7.7	9.7	13.9	4	6.7	7.4	14.4	5.4	12.7	5.6	9.2	6.5	5.7	5.2	7.4	5.4	15	14.5	13.9	8.5	5.3	6.3	16.5	7.7	4.8	3.6	7.8	6.7	7.6	nan
10-Jul	nan	nan	15.1	8.5	9	3.4	17.2	9.5	7.4	6.8	13.9	8.9	14.1	nan	9.8	6	7.4	7.4	6.7	6.8	12.3	nan	7	9	14.9	5.2	6.5	7.9	16.2	6.1	7.4	5.3	7.7	8.5	6.6	5.8	5.6	8.9	13	15.6	10	7.1	5.4	7.9	11.2	5.7	6.9	3.8	11.9	6.7	9.2	nan
11-Jul	nan	nan	14.3	6.2	8.8	3	16	10.2	5.4	6.2	11.7	7.6	16.1	nan	8.7	6.6	7	6.4	5.1	6.2	8.6	nan	5.6	6.6	15.2	5.2	6.2	8.1	16.5	7.9	8.5	5.7	6.5	6.8	6.9	8.5	3.9	7.4	9.7	16.9	10.3	6.2	4.3	5.1	11.5	6.9	7	3.5	12.3	7	9.1	nan
12-Jul	nan	nan	10.5	6.6	7.8	3.2	12.4	14.8	4.2	7.1	6.9	8	12.6	nan	7.4	7.4	6.4	7.6	6.4	6.7	7	nan	5.6	8.3	11.8	7.8	5.5	8.8	17.9	8.3	7.5	5.6	7.5	8.4	6.6	9	4	6.7	12.6	16.2	8.5	11	5.7	7.8	14.8	9.4	7.7	3.9	13.3	6.9	7.5	nan
13-Jul	nan	nan	12.7	8.5	8	4.2	8	9	4.8	7.1	6.8	7.6	7.6	nan	8.8	9.8	8.3	10.2	9.5	5.9	7	nan	6.7	7.5	9.2	6.5	6.9	8.3	17.7	8.9	8.3	5.4	6.3	10.4	6.9	5.8	4.8	7.3	17.3	14.4	6.9	12.6	6.4	5.8	13.4	5	10.2	4.8	8.6	6	6.1	nan
14-Jul	nan	nan	12.9	6	7	4.6	8.6	7.5	4.6	8.8	7.1	7.6	7.2	nan	7	11	6.8	9.7	11.8	6.4	7.3	nan	6.6	9.6	7.2	5	9.4	7.5	16.9	8.2	6.5	5.6	6.8	10.8	8.1	6.9	7.3	5.5	14.1	10.2	10.1	8.1	7.1	7.6	11.2	7.4	10.4	4.8	8.2	8.8	5.4	nan
15-Jul	nan	nan	12	7	7.2	3.2	7.6	6.9	5.6	8.6	6.3	6.8	6.1	nan	6	7.8	7.8	4.4	13.6	7.5	6.3	nan	8.8	9.8	7.5	8.2	9.6	7.3	16.5	7.9	6	10.6	7.9	7.8	7.8	6.8	6.2	7.5	8.5	10.3	11.9	5.8	10	8.8	13.7	5.6	10.8	4.1	10.3	10.3	6.2	nan
16-Jul	nan	nan	7	8	7	4.8	6.8	6.7	5.2	10.3	6.8	7.8	11.6	nan	7.2	8.2	8.6	5.5	14.5	7.7	9.4	nan	6.6	9.5	12.4	11.5	6.2	7.5	15.1	7.4	6.9	15.6	8.2	7.9	7.8	6.9	7.4	11.3	7.4	11.9	7.5	5.2	12.7	6.4	8.8	nan	8.7	7.3	12.3	8.5	6.4	nan
17-Jul	nan	nan	6.8	7.5	6.6	6.4	5.8	6.7	6.2	13.5	8.6	6.6	13.6	nan	10	7.4	9	5.9	11.2	6	11.5	nan	7.1	9.4	15.7	14.4	5.4	7.5	13	7.2	8.5	15.1	6.9	7.6	5.1	5.8	8.9	12	7	8.8	9.3	5.5	9.3	5.8	8.5	nan	7	9.6	13.5	7	5.3	nan
18-Jul	nan	nan	6.8	7.2	5.8	3.6	6	6.5	8	9.9	9	9.4	12.6	nan	9.2	9	8.3	7.2	9.4	6.3	12	nan	9.3	9.6	16	16.9	6.6	7.4	11.3	6.8	8.6	15	7.1	8.2	4.8	4.1	7.9	6.9	8.6	8.6	9.5	5.4	6.7	3.6	7.8	nan	7.8	12.1	13.3	10.5	7.1	nan
19-Jul	nan	nan	5.2	10.5	6.2	3.4	6.4	9.5	8.2	6.8	7.4	9.9	8.6	nan	10.5	12.6	7.1	12.4	8.7	6.2	9	nan	14.1	9.2	10.5	17.2	6.4	9.6	11.8	6.5	8.2	9.7	6.9	8.3	6.9	5.4	8.4	6.9	14.1	9.5	9	6.3	9.4	6.1	7.4	nan	8.3	12.8	12.6	7.9	12.5	nan
20-Jul	nan	nan	5.9	10.5	6.4	5.6	5.8	11.9	9.4	5.3	6.7	7.6	7.6	nan	11.2	14.4	7.6	14.4	8.5	6.6	7.8	nan	14.8	8.4	8.5	15.1	8.1	9.9	9.6	6.5	10.7	8.7	6.7	7.2	7.8	4.7	8.5	6.2	15	9.9	10.2	6.9	9.9	6	7.5	nan	11.2	7.3	11.7	8.4	13.8	nan
21-Jul	nan	nan	8.9	9.7	9	3	3.8	12.3	7.6	5.2	6.4	7.6	6.6	nan	7.8	11	9.3	8.6	9.1	7.4	5.4	nan	12.4	6	8.4	13.2	11.9	6.5	8.4	5.1	11.7	8.8	7.7	7.7	8.4	4	8.2	7.7	9	7.5	7.9	6.3	10.4	4.4	5.4	nan	10.4	6.9	13.4	12.5	12.4	nan
22-Jul	nan	nan	9.9	8.3	8.8	4.4	3.8	13.5	5.6	5.1	6.3	7.6	6.4	nan	7.8	13	10.4	7.2	10.1	8.8	4.2	nan	7.2	5.9	7.8	14	9.3	5.9	9	6.2	9.8	9.1	7.5	6.9	13.2	5	6.9	8.8	8.5	7.7	10.6	6.5	7	4.4	4.9	6.7	12.1	5.5	14.3	9.4	7.3	nan
23-Jul	nan	nan	13.9	7.9	11	6.4	3.6	14	6.6	6.3	6.9	5.8	6.9	nan	6.7	12.6	8.8	6.1	7	8.4	5.3	nan	8.6	5.9	6.2	12.4	6.6	6.3	8.9	7.2	5.9	8.5	9.5	6.8	9.8	5.8	7.4	8.6	8.3	7.5	10.6	6.8	6.4	3.9	4.4	nan	7.9	4.4	15.9	6.6	11.1	nan
24-Jul	nan	nan	13.9	11	7	8.6	4.6	13	8.4	6.2	6.5	7	8.3	nan	7.7	10.6	8.6	6.6	8.7	8.4	7	nan	11.5	8.6	6.6	7.2	5.7	8.5	8.3	7.1	4.7	8.1	12	7.2	6.9	6	7.6	8.4	6.9	8.1	8.4	6.8	6	4	5	5.2	6.1	6	14.3	8	13.4	nan
25-Jul	nan	nan	12.5	13	6.8	12.6	5.8	9	6.2	7.3	6.7	8.9	8.1	nan	8.1	10.2	7.8	6.6	9.2	8	10.2	nan	11	7.6	7	6	7.7	8.4	8	9	5.5	6.7	9.5	6.1	5.7	8.3	8.2	6.7	6.7	7	7.8	4.7	6.7	6.9	5.4	nan	4.7	10.5	10.5	6.9	9.1	nan
26-Jul	nan	nan	7	9.2	9	15	5.6	9.7	5	11.2	8.5	7.6	7.9	nan	9.8	9	8.6	10.7	10.1	8.6	8.1	nan	15.2	8.5	10.4	6.2	9.6	7.2	10	8.8	8.3	7.5	13	6.2	8.1	9.1	8.3	4.9	7.3	7.4	6.8	7.7	7.8	6.5	7.5	nan	6	11.1	10.7	7.8	7.0	nan
27-Jul	nan	nan	11	8	9	13.8	5.2	7.9	6	14.3	10.3	6.4	7.3	nan	10.3	7.6	11.4	12.4	12.8	9.8	8.2	nan	18.4	7.1	12.5	6	10.9	7.7	14.9	11.7	7.5	9	15.1	6.8	9	9.1	9.4	4.6	6.8	7.8	7.9	12.5	9.7	5.3	9.5	nan	7.3	11.5	12.8	7.3	7.5	nan
28-Jul	nan	nan	12.8	8	5.4	11.4	nan	7.4	6.4	12.7	9.7	7.2	13.1	nan	9.6	8.2	8.9	11.9	11.6	9	8.5	nan	17.8	5.6	11.9	6.1	8.7	6.3	11.2	14	6.6	10.3	15.7	10	13.1	5.8	7.5	7.7	6.7	7.5	7.9	13.8	12.2	5.5	10.9	nan	9.2	6.9	15.4	8.1	7.7	nan
29-Jul	nan	nan	11	7.5	6.2	7	nan	9.5	5.2	7.4	5.7	7.8	13.1	nan	9.5	6.2	10.8	6.2	9.1	8.2	8.2	nan	11	6.9	7.6	5.2	6.9	5.5	12.2	15	6.1	8.5	9.9	11.4	10.8	4.4	6.5	10.4	6.9	7	6.8	7.9	13.2	11.3	10.6	nan	10.9	6	15.2	11.3	7.7	nan
30-Jul	nan	nan	6.2	8	7	4.8	nan	10.8	5	9.1	5.6	12.6	8.1	nan	8.6	7.8	9.8	8.2	8.7	8.9	9.8	nan	7.6	8.5	8.7	6	6	6.6	14	11.8	6.2	7.3	8.8	12.3	8.7	5.6	6	13	6.6	7.7	6.9	7.2	8.7	10.3	9.2	nan	10.8	5.1	13.7	9.4	10.2	nan
31-Jul	nan	nan	7	8.5	8	5	nan	8.7	5.2	7.3	6.5	16.1	6.9	nan	9.3	8.6	8.6	10.4	11.1	9	6.8	nan	8.5	7.7	8.4	5.8	4.4	7.5	9.1	13.7	6.8	9.7	8.6	15.4	8.4	5.7	7	13.9	9.5	8.8	7.2	6.2	7.4	5.8	5.7	nan	8	7	11.4	10.5	13.1	nan
1-Aug	nan	nan	8.3	7.5	10.8	5.4	11.4	8.2	5.2	7.7	6.7	15.3	7.6	nan	10.3	9	7.2	10.7	9.4	9.3	8.6	nan	8.3	6.4	7.8	5.6	4.9	6.3	9.9	10.4	5.5	6.7	8.9	9.8	9.4	5.8	10	15.2	9.9	11.4	6.4	6.8	7	5.6	7.4	nan	7.5	5.8	9.5	9.6	11.4	nan
2-Aug	nan	nan	8.9	7	12.2	4.4	13	7.9	5	8.3	8.8	11.5	7.1	nan	13.2	6.6	7.6	10.5	12.6	10.7	8.5	nan	8.9	6.3	7.2	5.9	4.3	6.5	9.7	9.8	5.6	7.8	12.7	7.6	10.5	6.6	11.9	15.9	10.5	14.5	6.2	5.4	5.7	6.5	9.7	nan	7.4	4.6	8.6	10.5	13.9	nan
3-Aug	nan	nan	8.1	9.5	10.4	6.2	nan	10.5	6.8	8.2	12	12.8	9.9	nan	13.7	8.8	9.6	11.6	15.9	13.3	7.5	nan	8.5	8.2	10.6	8.2	5.7	7	10.2	10.6	6.5	10.4	13.5	8.2	10	8	7.4	17	9.3	15.6	6.4	4.8	6.8	6.7	12.1	10.4	7.7	5.6	7.9	8.4	15.2	nan
4-Aug	nan	nan	7.3	14	8.2	9	nan	9.2	7	10	12.5	12.3	9.5	nan	11.8	11	10.9	10.5	9.6	14.4	9.1	nan	7.7	11.6	12.7	7	6.2	7.6	8.9	13.8	8.5	9.7	15.5	8.3	9.3	7.7	8.2	14.6	9.3	12	7.2	5.1	7.1	6.4	10.3	nan	6.3	4	7.9	7.2	13.1	nan
5-Aug	nan	nan	7.6	17.5	9.4	5.8	nan	7.7	5.6	9.9	8.3	7.9	7.4	nan	9.2	12	8.6	9.2	7	10.7	9.4	nan	6.9	7.3	13.8	7.8	6.5	8	11.6	13.5	8.4	6.9	9.9	6.7	7.7	8.6	9.3	8	12.1	11.9	9.5	7.2	6.6	5.3	7.2	nan	5.2	4.7	8.1	6.7	10.2	nan
6-Aug	nan	nan	8.2	18.5	9.4	6.2	nan	6.1	5.8	7.6	11	7.7	6.7	nan	10.5	10.6	7.8	7.9	8.1	12.8	8.8	nan	6	6.3	13.3	6.8	7.8	7.3	11.4	14	7.7	8.7	8.8	5.3	6.9	8.2	10.8	8.1	14	15.3	11.9	9.1	10.3	7.9	8.6	nan	3.6	6.3	8.1	7.2	12.8	nan
7-Aug	nan	nan	6.8	17.5	7.8	5.6	nan	8.3	5.8	7.5	9.6	7.8	6.9	nan	8.2	7	9.6	4.7	7.8	11.6	6.1	nan	6.7	6.4	7.6	6	11.2	10	14	10.2	5.8	10	11.5	4.8	6.6	8.7	7.8	6.5	16.4	16.6	13.5	11.1	11.9	8	8.7	nan	3.8	5.9	7.8	6.7	12.1	nan
8-Aug	nan	nan	7.1	11.3	7	4.2	nan	11.8	5.4	5.8	7.6	5.8	7.6	nan	7.5	7.4	7.6	5.7	9.2	11.5	5.3	nan	9.9	9.8	7.5	6.2	12.8	11.9	15.5	12.9	8.1	9.7	8.3	5.3	8.3	9.2	7.6	5.9	16.2	10.3	13.6	14.3	12.4	7.2	9.3	nan	4.2	7.9	6.5	7.1	9.0	nan
9-Aug	nan	nan	6.9	9.2	5	5.8	nan	14.2	5.2	5.8	7.7	7.6	8.2	nan	8.5	7.6	7.8	5.7	7.9	11.7	3.9	nan	12.2	9.8	7.5	7.1	7.3	8.8	16.1	14	6.2	6.9	9.3	6.2	7.4	10.7	7.3	7.4	16.8	11.9	15.8	8.4	8.7	5.8	9	nan	3.6	7.1	7.8	8	7.7	nan
10-Aug	nan	nan	6.9	6.5	7	6	nan	14.6	4.8	8.2	9	10.3	7.1	nan	9	8	6.6	4.6	8.6	11.2	7	nan	11.8	6.7	10.6	9.2	6.5	7.5	12.7	12.8	7.7	6.2	9.9	6.9	7.7	10.5	7.4	4.8	15.6	15.9	16.2	7.2	11.7	5.2	10.3	6.1	7.1	5.9	8.7	9.3	8.7	nan
11-Aug	nan	nan	7.4	7	7.2	9.6	nan	13.1	4.8	10.2	6.6	7.8	7.3	nan	9.5	7.6	6	4.3	9.3	9.6	5.3	nan	8.6	6.6	13	12.3	6.6	6.5	10.7	13.7	8.2	5.9	7.2	8.1	9.3	11.8	10.1	5.9	9.3	11.4	18.3	6.6	14.6	7.2	8.1	nan	10	9.1	9.2	7.2	8.2	nan
12-Aug	nan	nan	7.6	7.5	4.4	7	nan	7.6	6.2	12.1	7.7	8.2	6.6	nan	9.2	7	6.6	8.7	7.9	12.8	5.3	nan	8.8	9	15.1	16.9	7.6	6.1	10.9	14.5	5.3	6.5	8.8	10	8.8	13.3	12.3	7	7.9	10.8	18.5	6.8	14.5	8.1	6.4	nan	9.5	7.9	9.8	7.8	10.7	nan
13-Aug	nan	nan	6.8	6.5	2.8	4.2	8.4	7.7	4.6	15.1	7.9	10.6	9.8	nan	9.1	6.4	6.6	12.5	5.3	13.1	7.2	nan	9.4	8.8	12.2	17.4	7.6	4.8	9.1	16.1	5.8	7.5	8.7	9.1	9.1	11	13.6	9.1	7.2	11.9	17.5	6.7	16.1	6.3	6.4	nan	7.2	9.8	9.1	8.1	10.5	nan
14-Aug	nan	nan	8.1	6	5	4.4	9.4	9	6.2	16.5	8.5	7.5	8.2	nan	9.6	5.6	5.1	8.9	5.4	15.2	7.8	nan	8.7	9.8	12.3	17.4	6.7	5.1	7.5	16	8.5	9.8	11.9	11.7	8.2	9.7	7.4	10	7.9	13.6	15.9	5.6	9.6	6.5	7.2	nan	5.2	8.8	9.1	7.3	8.8	nan
15-Aug	nan	nan	8.9	6.5	4.4	4.8	nan	8.7	8.2	15.2	7.2	8.8	9	nan	8.9	5.2	5.6	5.1	5.4	15.9	7.4	nan	7.1	10.7	7.8	10.5	7.8	4.3	6.1	13.6	10.6	11.7	9.8	11.5	6.6	7.6	7.9	8	8.1	17.2	9.5	5.8	8	7	7.5	nan	7.2	7	8.8	6.4	6.5	nan
16-Aug	nan	nan	7.5	7.5	4.4	4.2	nan	9.4	9.4	15.8	7.6	7.7	11	nan	9.2	5.2	5.6	8	7.7	10.9	7.2	nan	9.9	9.6	6.7	8.9	8.8	4.6	7.2	11.4	11	10	8.6	7.5	7.4	9.6	6.8	11	7.3	19.6	9.3	6.4	8.3	6.5	7.2	nan	9	5.7	7.8	6.3	7.4	nan
17-Aug	nan	nan	7.2	11	7.8	4.2	7	11.5	11.2	14.5	8.8	5.7	9.6	nan	8.7	7	4.8	7.5	7.4	8.8	9.3	nan	8.8	6.8	8.5	8	6.5	4.7	7.9	12.9	12.8	10.5	10.9	6.9	8.8	10.1	6.8	10.3	6.1	19.1	8.1	7.2	7.7	5.4	8.1	nan	6	6.4	8.9	7.5	7.5	nan
18-Aug	nan	nan	6.8	12.5	8.4	4.2	7.2	10.4	12	14.4	5.1	4.7	10.8	nan	9	6	5.8	8.8	9.4	8	7.4	nan	8.7	6	9	8.9	5.3	4.8	5.3	13	13.8	12.3	11.4	7.1	9.1	6.8	6	6.4	6.1	11.6	8.7	6.1	6.8	4.8	6.4	8.2	5.4	5.5	7.3	9.4	10.9	nan
19-Aug	nan	nan	7.6	12	9.4	4	7.2	6.7	13	13.2	4.6	5.6	11.6	nan	8.8	7.6	6.6	9.8	11.7	8.6	4.3	nan	10	5.1	8.6	7.7	7.8	4.8	6.8	15.6	12.8	9.2	11	7.5	8	6.1	6	5.7	4.6	10.6	10	4.7	7	8.7	6.4	9.6	6.4	5.7	6.3	9.9	10.7	nan
20-Aug	nan	nan	9.3	7.2	8.6	4	8.4	7.2	10.2	11.9	5.4	9.1	16.6	nan	9.8	6	5.6	10.7	7.9	7.3	3.7	nan	9.8	5.4	7.9	7	9.1	5.2	6.1	10.1	12.9	6.9	8.9	4.8	5.2	6.1	7.7	6.4	3.7	9.9	8.3	5.2	7	10.7	9	9.1	5.4	5.5	6.3	10.6	10.1	nan
21-Aug	nan	nan	6.3	7	7.4	3.8	5.2	6.7	7.8	11.8	6.7	11.5	16.6	nan	12.3	2.4	4.6	8.1	5.5	7.1	3.2	7.2	12.5	5.3	11.2	7.9	8.3	5.9	5.9	8.9	13.8	7.5	5.6	5.9	5.2	5.1	12	6.5	5.2	13.1	7.1	6.1	6.8	7.6	9	6.9	5.8	7.4	5.6	10.4	6.7	nan
22-Aug	nan	nan	8.3	7.8	4.2	3.6	6.6	6.7	7	8.7	8.5	13.4	13.1	nan	14	5.2	5.6	7.8	6.6	7.5	5.7	7.1	12.4	5	9.3	9.4	9.8	6.2	5.4	8.7	12.9	7.2	7.4	7.5	5.5	5	11.3	6.3	8.5	13.5	7.7	4.1	6.3	6.7	7.8	nan	5.3	7.9	6	10	nan	nan
23-Aug	nan	nan	6.8	8	2.4	2.6	5.4	4.9	9.2	6.2	8.3	11.5	11.6	nan	17	9.8	7.1	8.6	6.9	8.6	6.6	4.4	10.9	4.4	6.2	8.4	9.8	6.1	7.2	9.3	11.1	7	10.7	5.9	4.4	5.8	7.5	5.8	9.3	10.7	7.1	5.2	5.6	6.5	4.7	9.3	4.4	4.6	9.1	7.8	8.7	nan
24-Aug	nan	nan	5	8.5	7	4.4	6	4.4	6	2.6	6	6.1	9.6	nan	17.2	9.8	9.3	7.6	6.5	7.6	7.1	5.1	14.7	6.2	7	11.3	6	5.8	8.1	7.5	8.4	7.5	10.6	6.1	4.9	3.5	6	4.7	7.1	11	6.6	5.5	6.1	7.1	4.1	11	5	5.7	10.3	6	10.1	nan
25-Aug	nan	nan	5.6	7.5	10.2	7	5.2	7.2	5.6	4.6	8.1	5.5	7.6	nan	16.5	10.8	14.4	6.2	3.8	7.3	4.4	6.6	15.7	7.3	9.1	11.4	5.4	2.7	6.2	7.2	7.8	5.2	8	4.5	6.9	4.2	6.9	4.6	5.9	11.6	6.4	5.6	8.4	5.6	5.2	11.3	3.9	8.2	9.3	5.1	11.7	nan
26-Aug	nan	nan	5.9	8.5	7.6	8.4	4.6	8.9	5.8	6.2	10.4	4.5	6.9	nan	16.3	10.4	13.8	8.4	4.9	4.5	8.3	7.4	15.3	6.4	8.9	8.1	6.5	2.9	7.8	8.3	9.1	4.2	6.2	3.4	6.3	5.3	5.3	6.2	5.9	8.3	7.2	4.2	7.5	5	5.7	9.1	5.4	5.4	9.9	7.4	6.9	nan
27-Aug	nan	nan	7.5	9.5	8.2	7.4	6	6.7	5.2	8.6	8.6	4	6.9	nan	13	6.6	10.2	8.7	9.6	4.7	11.8	6.1	10.8	6.3	8	7	3.5	3.8	8.3	5.4	6.4	6.6	6.5	2.3	7.4	3.5	5.4	7.6	6.1	7	8.5	7	6.8	5.5	6.2	5.7	4.1	7	9.6	6	6.5	nan
28-Aug	nan	nan	10.1	11	4.4	5.2	6.2	7.5	5.6	9.5	8.4	4.5	10	nan	11.7	5.4	10.8	7.1	12	4.4	14.1	5.9	12.4	6.4	6.3	6.3	6.4	4.2	7.5	5.2	7.6	7.7	9.8	3.8	8.3	6.8	4.8	9.4	6.4	5.8	8	8.8	9.9	5.6	6.3	5.8	8.2	8.1	7.6	5.4	5.3	nan
29-Aug	nan	nan	8.9	8.3	5	5	6.8	5.4	4	10.3	9	4.8	11.1	nan	7.1	6	8	6.2	8.4	4.7	6.8	5.3	12.3	6.7	7.4	8.5	8.6	6.7	7.9	7.1	7.5	7.3	10.9	4.1	5.8	5.8	4.4	5.6	6.7	9.3	5.5	8.9	11.2	7.6	6.7	6.4	7.1	8.3	6.9	5.7	3.4	nan
30-Aug	nan	nan	8.4	6	5	4.4	7	4.6	3	14.1	6.3	6.9	10.8	nan	6.9	5.8	6.6	4.8	7.8	4.9	7.4	3.5	10	5.5	5.7	8.4	8.5	5.3	8.9	7.5	6.1	6.8	7.9	4.5	7.2	6.5	4.2	5.4	6.5	10.2	6.7	4.5	8.7	8.7	8.4	6.2	4.7	5.1	9.2	6.4	2.5	nan
31-Aug	nan	nan	9.2	8.2	5.6	5	6.6	6.1	1.8	12.4	4.3	4.7	6.8	nan	6	6.2	7.3	4.3	7.5	5.1	6.9	4.2	7.3	3.8	5.3	9.2	6.9	5.8	7.9	7.7	6.4	5	6.9	4	5.8	8.3	4	5.7	5.7	9.2	6.5	4.8	8.3	4.7	6.3	7.4	4	5.2	6.9	6.2	4.3	nan
1-Sep	nan	nan	7.4	7.6	7.8	5.8	3.4	7.2	3.8	10	6.3	3.5	9.1	nan	10	7.4	9.4	5.7	6.4	5.9	7.8	4.7	5.1	3.8	5.4	9.1	6.2	5.4	7.3	6.5	6.4	6.9	4.8	2.8	5.2	6.5	6.4	6.2	6.1	6.6	6.3	4.6	7.2	4.5	5.2	nan	6.1	3.7	7.3	7.2	7.0	nan
2-Sep	nan	nan	6.5	6.5	6	8.4	3.2	8	6.4	10.3	5.2	3.3	10.1	nan	10.2	1.2	7.1	6.8	7.5	9.2	8.2	3.6	5.1	4.2	5.6	6.2	5.2	2.5	6.1	7.3	5.5	9.3	7.8	4.2	5	6.3	5.7	8.7	8.5	7	5.6	4.8	7.3	4.3	4.8	nan	3.7	4	6.7	7.7	7.2	nan
3-Sep	nan	nan	7.1	7	4.6	7	3.2	6.2	4.6	11.7	4.6	4.6	10.1	nan	7.8	0	6.1	3.3	5.5	9.1	5.7	4.2	7.1	5.7	6.9	6.4	6	5.6	5.5	6.8	5.9	10.1	9.7	3.9	4.1	3.8	5.2	9.2	5.8	5.9	4.9	6.6	5.1	4.9	6.5	8.6	3.6	4.6	6.2	7.9	nan	nan
4-Sep	nan	nan	6.1	6.5	5.8	3	1.6	4	4.2	10.8	5	3.5	10.6	nan	9.4	5.5	6.7	4	4.9	7.5	7.4	6.8	6.8	3.3	6.3	8.5	6.5	nan	6.1	7.1	5.4	12.2	8.4	3.9	2.2	4.2	4.1	8.4	4.2	5.3	5.1	6.1	4.1	5.6	10.1	5.5	3.3	3.3	5.1	6.5	nan	nan
5-Sep	nan	nan	3.8	7	3.8	4.8	0.5	3.9	3.8	9.1	3.3	5	8.6	nan	8.8	5.8	6.6	5	4.3	8.5	9.6	8.3	6.9	2.8	6.3	6.3	8.3	4.1	7	10.3	5.5	11	7	4.7	5.7	3.5	3.5	6	5.8	6.4	6.1	4.2	6.1	5.1	9.2	6.2	3.3	3.2	4.3	7	nan	nan
6-Sep	nan	nan	3.6	6.5	5.2	4.4	nan	5.6	3.6	8.3	3.7	4.4	5.5	nan	11	5.4	5.6	3.1	5.3	5.4	10.6	6.8	5.7	4	7.8	6.4	7.2	2.2	6.8	7.7	6.2	6.9	6.8	5.2	6.3	2.4	3.6	4.1	6.9	6.7	6.3	4.6	6.3	4.4	10	9.5	4	2.6	6	7.6	nan	nan
7-Sep	nan	nan	3	5.5	5.4	1.8	nan	6.7	2.4	7.4	2.4	2.4	4.2	nan	10.5	5.1	5.7	4	7.1	5.2	10.8	4.9	7.5	2.8	8.8	nan	7.3	6.7	7.2	9.5	7.2	7.2	6	4.9	6	4.7	2.6	4.2	7	7.1	5.9	4.6	5.2	5.4	6.1	7.3	4.4	1.2	6.1	7.5	nan	nan
8-Sep	nan	nan	4.5	4.5	3	-1	nan	5.5	2	10.3	1.6	2.8	3.6	nan	11.1	5.5	6.5	4.6	4.6	5.6	6.4	3.8	4.2	5.3	9.9	6.7	4.5	5.6	7.2	5.4	6	6.2	6.6	4.1	6	3	5.8	3.3	6.3	7.5	8.1	4.6	7.2	4.9	5.2	5.9	4.5	2.7	6.1	6.3	nan	nan
9-Sep	nan	nan	4.3	4.2	5	1.2	nan	4.8	3	8.3	2.2	4.8	3.1	nan	10.6	4.5	7.6	4.3	5.5	7.5	5.4	4.1	3.9	4.3	9.4	6.5	5.3	5.7	4.3	9.4	5.8	3.5	6.3	3.9	4.6	4.4	6	4.3	4.6	5.5	5.7	4.1	7	4.5	4.9	5.8	4.4	4.1	5.5	6.3	nan	nan
10-Sep	nan	nan	4.7	3.5	2.8	2.6	nan	5.7	4.2	6.3	5.5	3.5	5.7	nan	8.1	5.5	5.9	4	7	10.2	3.6	7.3	4.2	4	8.1	7.7	5.8	-0.8	6.5	5.6	6.2	4.6	7.3	3.8	5.7	0.6	5.6	5	7.5	4.3	7.7	4.4	8	3.3	5.7	7.9	3.5	3.8	7	5.7	nan	nan
11-Sep	nan	nan	4.2	4.2	4.4	3.4	nan	4.9	3.8	6.9	5.4	2	6.6	nan	9.1	4.9	5.5	4.8	7.5	8.3	3.7	8.8	3.1	3.2	4.8	7.7	4.6	-0.2	5.1	5.5	5.3	4.8	10.2	6.4	4.1	3	4	2.7	9.6	5.5	6.3	5.3	5.6	3.8	6.1	9.3	4.4	2.3	5.8	6.5	nan	nan
12-Sep	nan	nan	3.6	3	6.8	4.8	nan	5.8	3.6	6.4	5	2.4	7.3	nan	9.6	4.6	3.4	2.6	4.6	5.8	4.7	8.9	2	3.3	4.3	8.4	5.6	2.9	5.9	7.8	5.7	4.8	10.1	5.9	4.7	2.5	2.8	2.5	5.9	5	6.3	8.1	5.5	4	5	10.8	5	1.8	4.4	8.7	nan	nan
13-Sep	nan	nan	4.2	4.2	7.2	7.4	nan	3.3	3.4	6.3	5.8	3.8	6.4	nan	9	5.2	3.5	4.3	3.9	4.5	5.9	9.6	1.4	3.6	5	7.2	nan	5.2	7.8	6.1	5.6	4.9	10.8	4.8	4.1	1.6	2.5	3.5	5.4	3.4	7	9.5	3.9	3.9	4	11.1	4.6	3.2	4.9	7.7	nan	nan
14-Sep	nan	nan	3.9	6	3.8	5	nan	2.6	3	7.5	5.2	1.9	5.6	nan	8.2	6.2	4.4	5.6	1.3	4.4	6.3	13.1	1.5	5.3	3.4	7.4	nan	5.3	8.1	4.5	6.9	4.7	9.2	5.4	3.3	1.7	3.2	3	2.5	2	6.9	6.8	3.6	3.4	4.5	11.1	3.2	3.1	6.5	5.5	nan	nan
15-Sep	nan	nan	3.5	4.5	3.6	2.8	nan	2.9	5.8	6.4	4	1.5	4.9	nan	6.5	8.4	4.7	7.3	2.3	5	6.3	10.4	1	3.7	5.4	4.9	4.2	0.7	4.9	5.6	7.7	3.9	7.3	4.9	3.9	2.1	4.3	3.4	2.8	1.1	4.3	3.8	4.8	3.7	7.2	nan	2.7	3.7	8	4.6	nan	nan
16-Sep	nan	nan	4.5	4	6.2	3.2	nan	-0.7	4.4	4.4	3.8	1.6	4.7	nan	6.4	9.3	3.5	4.8	3.5	5.1	4.8	9	2.5	3.9	4.7	4.4	5.7	1.2	4	4.7	9.5	3.3	7	3.9	3.6	4.7	6.1	4.9	2.7	1.8	5	2	5	4.8	5.7	11.8	1.9	3.2	6.1	4.2	nan	nan
17-Sep	nan	nan	6.2	4.5	8	4.2	nan	-1.2	5	5	4.9	1.6	5.6	nan	6.9	7.3	6	3.2	5	4.9	2.9	5.5	3.3	3.7	2	3.8	5.5	1.8	-0.4	3.1	7.3	3.2	5.1	4.5	3.9	3.1	6.5	2.4	2.4	-0.2	4.3	5	4.7	3.4	4	9.9	1.5	2	3.2	4.2	nan	nan
18-Sep	nan	nan	3.2	3.5	6.8	4	nan	-0.8	7.2	4.1	4.7	1.7	4.6	nan	5.3	7.1	5.2	5.9	2.5	4.7	0.9	5.5	1.4	5.2	4.2	5.8	4.9	2.9	2.5	2.6	6.6	3.3	3.7	3.8	3	3.4	5.2	2.5	0.4	1.3	4.7	4	3.6	2.3	5.4	12	2.2	2.2	2.5	6.1	nan	nan
19-Sep	nan	nan	2.8	2.5	6.2	1.8	nan	1	5	6	3.4	1.6	5.1	nan	7	7.1	4.8	4.8	3	3.2	2.5	3.2	2.5	3.2	3.4	5.5	4.6	-0.7	2.1	2.2	7.8	0.9	2.1	4.6	3.1	2.7	4.4	2.6	0	1.1	6	3.4	4.6	2	6.4	10.4	2	6.5	1.6	5	nan	nan
20-Sep	nan	nan	3	2.7	4.6	-0.2	nan	5.1	3.8	7.3	4.5	4	3.8	nan	5.6	5.1	3.1	3.7	6.3	2.2	1.5	5.3	3.2	3.7	4.4	5.8	5.1	-3	3.5	2.9	7.7	2.2	2.2	4.7	3.3	2.8	3.3	-0.2	-0.3	3.1	6	4	3.7	1.2	3.2	4.7	3.4	6.1	0.9	3	nan	nan
21-Sep	nan	nan	4.2	2.4	7.8	-1.8	nan	3.3	2.4	6	4.6	5.4	4.6	nan	5.2	3.3	2.7	4	5	7.3	2.6	3.2	3.9	0.2	3.9	4.4	4.3	-4.4	1.9	3.7	5.4	0.2	4	5.3	3.3	4.4	3	4.8	0	2.8	4.5	3.3	4.8	0.2	2.4	2.9	3	7.6	0.7	3.5	nan	nan
22-Sep	nan	nan	2.6	2	5.8	-1	nan	2.4	1.6	5.3	5.4	1.7	4.8	nan	4.9	3.7	3.2	2.3	4.5	6.7	1.1	2.1	3.2	0.2	3.7	3.5	2.7	-4.1	1.6	3.5	6.3	-1.9	5.7	4	2.2	4.9	3.8	3.5	1.1	2.2	3.9	3.3	5.2	1.1	1.6	3.3	2.1	5.6	-1	2.9	nan	nan
23-Sep	nan	nan	3.2	2	5.6	-0.8	nan	0.2	1.2	4.1	8.3	3.4	5.6	nan	4.8	4.4	3.4	1.6	-1	4.7	4.1	0.9	3.2	1.2	3.9	3	3.9	-5.3	0.4	2.4	6.9	-2.2	6.2	3.8	4.4	3.7	1.4	4.7	-0.1	1.2	4.8	3.3	2.2	0.7	-1.1	3.9	3.4	3.2	-1.6	3.8	nan	nan
24-Sep	nan	nan	4	2	7.4	-1	nan	1	1	3.9	6.5	3.7	4.6	nan	3.7	3.9	1.5	3.4	-6.7	3.4	3	0.8	2.7	2.5	6.2	4.5	2.3	-3	0.9	1.5	6.3	-2.1	4.9	3.4	3.6	5.6	1.7	4.7	2.3	-2.1	3.8	3.1	3.1	-0.1	-0.3	2.2	1.4	2.8	1.1	4.3	nan	nan
25-Sep	nan	nan	2	1.5	6.8	2	nan	0.5	0.2	4.1	5.9	3.4	5.3	nan	1.2	4.6	-0.5	3.2	-5.2	3.2	2	-1.2	2	1.1	3.7	3.2	3.3	-2.9	0.3	3.6	5.4	-0.6	3.8	2	3.3	4.7	1.3	5.3	1.9	0.4	3.8	3.2	2	1.3	2.1	3.9	2	2.9	2.4	4.4	nan	nan
26-Sep	nan	nan	3	1	3.8	2.6	nan	-0.3	0.8	2.7	3.9	2.2	5.1	nan	2.7	5.7	-0.1	2.4	-2.4	4.3	1.4	-0.3	1	0.6	3.6	2.9	3.6	-3.6	0.9	1.3	5.2	-1.8	4.6	3.7	1.1	4.2	1.6	4.1	2.4	2.9	1.9	3	1.5	1.9	0.7	1.3	1.6	2.6	2.3	4.9	nan	nan
27-Sep	nan	nan	3	1.5	2.8	1.2	nan	1.7	-0.2	2.3	3.2	2	4.1	nan	1.4	4.4	-1.2	4.3	-1.8	4.5	2.8	1.4	1.1	0.9	2.6	2.7	2	-0.6	2	0.6	4.1	-0.8	2.6	1.4	0.3	-1.8	1.6	1.9	5.2	-1.9	0.9	3.7	2.6	2.7	0.4	-1.7	1.4	1.2	2	4.9	nan	nan
28-Sep	nan	nan	2.8	1.5	2.8	0.8	nan	1.5	-0.4	2.3	3	0.4	3.1	nan	2.4	4.2	-1.7	2.6	1.9	4.2	2.1	3	1.5	3	5.7	4.2	0.7	0.9	1.6	1.5	1.7	-0.9	2.1	0.1	1.4	-2.6	1.9	2	6.3	-0.2	3.1	2.3	0.4	1.4	-0.4	-1.1	-0.4	0.2	4.1	5.3	nan	nan
29-Sep	nan	nan	2.8	0	3.2	0.2	nan	2.6	1	1.3	2.5	-0.7	-2.4	nan	3.7	5.3	-0.1	1.8	4.3	5	2.6	3.5	1.1	1.8	5	2.7	1.6	-1.6	1.8	2.3	1.4	-1.4	1.1	1.9	1.7	-1.4	1.5	2.8	8.3	1	4.1	0.5	2.5	0.1	-0.1	1.6	-1	-3	1.4	1.4	nan	nan
30-Sep	nan	nan	4	-2	2.6	0.8	nan	-2.3	1.4	0.4	2.5	-0.2	0.6	2.5	3.7	4.7	0.5	1.4	3.7	3.6	2.6	3.3	0.8	nan	2.9	2.7	1.5	-1.2	3.7	1.7	1.5	-2.2	2.2	4.4	1.7	-1.3	3.3	1.2	7.2	3.7	1.8	0.1	1.3	0.5	0.3	2.3	-0.5	-2.1	1.9	1.4	nan	nan
